MRE:3.739e-03 
Net external to internal...
Cl flow (ions/ms): 2.343
H  flow (ions/ms): -1.050

stoichiometry (Cl,H)	net flow (ions/ms)
(2, 0)	0.000
(1, 0)	2.364
(1, -1)	0.001
(1, 1)	0.000
(-1, 0)	0.021
(-1, 1)	0.000
(-1, -1)	0.001
(0, -2)	0.000
(0, 1)	0.017
(0, -1)	1.066
(0, 0)	6523.962

(Cl,H) stoichiometry: (2, 0)

(Cl,H) stoichiometry: (1, 0)

Path 0, Net flow: 1.261435 ions/ms
16 010000
24 011000
28 011100
58 111010
50 110010
17 010001

Path 1, Net flow: 0.884315 ions/ms
24 011000
28 011100
58 111010
25 011001

Path 2, Net flow: 0.093929 ions/ms
16 010000
20 010100
50 110010
17 010001

Path 3, Net flow: 0.023196 ions/ms
16 010000
24 011000
28 011100
58 111010
50 110010
17 010001
21 010101
20 010100

Path 4, Net flow: 0.021827 ions/ms
16 010000
20 010100
28 011100
58 111010
50 110010
17 010001

Path 5, Net flow: 0.018882 ions/ms
17 010001
21 010101
51 110011
50 110010

Path 6, Net flow: 0.016568 ions/ms
25 011001
29 011101
28 011100
58 111010

Path 7, Net flow: 0.015951 ions/ms
8 001000
12 001100
13 001101
46 101110
54 110110
21 010101
51 110011
50 110010
17 010001
16 010000

(Cl,H) stoichiometry: (1, -1)

(Cl,H) stoichiometry: (1, 1)

(Cl,H) stoichiometry: (-1, 0)

Path 0, Net flow: 0.011724 ions/ms
8 001000
12 001100
13 001101
46 101110
54 110110
50 110010
20 010100
16 010000

(Cl,H) stoichiometry: (-1, 1)

(Cl,H) stoichiometry: (-1, -1)

(Cl,H) stoichiometry: (0, -2)

(Cl,H) stoichiometry: (0, 1)

(Cl,H) stoichiometry: (0, -1)

Path 0, Net flow: 0.288556 ions/ms
8 001000
12 001100
13 001101
46 101110
54 110110
38 100110
34 100010
42 101010
50 110010
17 010001
16 010000

Path 1, Net flow: 0.127137 ions/ms
38 100110
46 101110
54 110110

Path 2, Net flow: 0.091197 ions/ms
34 100010
42 101010
46 101110
54 110110
38 100110

Path 3, Net flow: 0.080052 ions/ms
8 001000
12 001100
13 001101
46 101110
54 110110
38 100110
39 100111
35 100011
34 100010
42 101010
50 110010
17 010001
16 010000

Path 4, Net flow: 0.049454 ions/ms
8 001000
12 001100
13 001101
46 101110
54 110110
38 100110
34 100010
35 100011
43 101011
51 110011
50 110010
17 010001
16 010000

Path 5, Net flow: 0.038969 ions/ms
8 001000
12 001100
13 001101
46 101110
54 110110
38 100110
34 100010
35 100011
43 101011
42 101010
50 110010
17 010001
16 010000

Path 6, Net flow: 0.035231 ions/ms
8 001000
12 001100
13 001101
46 101110
54 110110
38 100110
34 100010
42 101010
43 101011
51 110011
50 110010
17 010001
16 010000

Path 7, Net flow: 0.027287 ions/ms
12 001100
13 001101
46 101110
54 110110
38 100110
34 100010
42 101010
50 110010
17 010001
16 010000
20 010100

Path 8, Net flow: 0.025392 ions/ms
34 100010
42 101010
46 101110
54 110110
38 100110
39 100111
35 100011

Path 9, Net flow: 0.024465 ions/ms
8 001000
12 001100
13 001101
46 101110
54 110110
38 100110
39 100111
35 100011
43 101011
51 110011
50 110010
17 010001
16 010000

Path 10, Net flow: 0.020620 ions/ms
8 001000
12 001100
13 001101
46 101110
47 101111
55 110111
54 110110
38 100110
34 100010
42 101010
50 110010
17 010001
16 010000

Path 11, Net flow: 0.019334 ions/ms
8 001000
12 001100
13 001101
46 101110
54 110110
38 100110
39 100111
35 100011
43 101011
42 101010
50 110010
17 010001
16 010000

Path 12, Net flow: 0.017667 ions/ms
8 001000
9 001001
13 001101
46 101110
54 110110
38 100110
34 100010
42 101010
50 110010
17 010001
16 010000

Path 13, Net flow: 0.016993 ions/ms
38 100110
39 100111
47 101111
55 110111
54 110110

Path 14, Net flow: 0.012395 ions/ms
34 100010
35 100011
43 101011
42 101010
46 101110
54 110110
38 100110

(Cl,H) stoichiometry: (0, 0)

Path 0, Net flow: 4391.121886 ions/ms
24 011000
28 011100

Path 1, Net flow: 856.819526 ions/ms
34 100010
35 100011

Path 2, Net flow: 525.420420 ions/ms
34 100010
38 100110

Path 3, Net flow: 190.637808 ions/ms
16 010000
20 010100

Path 4, Net flow: 145.465762 ions/ms
34 100010
38 100110
39 100111
35 100011

Path 5, Net flow: 124.824159 ions/ms
38 100110
39 100111

Path 6, Net flow: 68.314644 ions/ms
8 001000
12 001100

Path 7, Net flow: 56.247905 ions/ms
12 001100
44 101100

Path 8, Net flow: 40.526973 ions/ms
16 010000
24 011000

Path 9, Net flow: 34.882770 ions/ms
9 001001
13 001101

Path 10, Net flow: 24.672776 ions/ms
13 001101
45 101101

Path 11, Net flow: 24.539783 ions/ms
17 010001
50 110010

Path 12, Net flow: 15.184513 ions/ms
8 001000
12 001100
13 001101
46 101110
54 110110
50 110010
17 010001
16 010000

Path 13, Net flow: 3.319627 ions/ms
8 001000
12 001100
13 001101
46 101110
42 101010
50 110010
17 010001
16 010000

Path 14, Net flow: 3.264774 ions/ms
8 001000
40 101000

Path 15, Net flow: 1.751810 ions/ms
24 011000
56 111000

Path 16, Net flow: 1.432394 ions/ms
12 001100
13 001101
46 101110
54 110110
50 110010
17 010001
16 010000
20 010100

Path 17, Net flow: 1.107864 ions/ms
42 101010
43 101011

Path 18, Net flow: 1.079188 ions/ms
8 001000
12 001100
13 001101
46 101110
47 101111
55 110111
54 110110
50 110010
17 010001
16 010000

Path 19, Net flow: 1.035065 ions/ms
42 101010
46 101110

Path 20, Net flow: 0.935586 ions/ms
8 001000
12 001100
13 001101
9 001001
42 101010
50 110010
17 010001
16 010000

Path 21, Net flow: 0.924112 ions/ms
25 011001
58 111010

Path 22, Net flow: 0.923351 ions/ms
8 001000
9 001001
13 001101
46 101110
54 110110
50 110010
17 010001
16 010000

Path 23, Net flow: 0.739174 ions/ms
9 001001
41 101001

Path 24, Net flow: 0.556283 ions/ms
34 100010
42 101010

Path 25, Net flow: 0.515387 ions/ms
46 101110
47 101111

Path 26, Net flow: 0.483705 ions/ms
8 001000
12 001100
13 001101
46 101110
54 110110
21 010101
20 010100
16 010000

Path 27, Net flow: 0.408743 ions/ms
8 001000
12 001100
13 001101
46 101110
42 101010
43 101011
51 110011
50 110010
17 010001
16 010000

Path 28, Net flow: 0.346864 ions/ms
12 001100
13 001101

Path 29, Net flow: 0.320502 ions/ms
28 011100
29 011101

Path 30, Net flow: 0.313409 ions/ms
12 001100
13 001101
46 101110
42 101010
50 110010
17 010001
16 010000
20 010100

Path 31, Net flow: 0.276314 ions/ms
8 001000
12 001100
13 001101
46 101110
54 110110
50 110010
17 010001
21 010101
20 010100
16 010000

Path 32, Net flow: 0.267218 ions/ms
46 101110
54 110110

Path 33, Net flow: 0.241178 ions/ms
17 010001
21 010101

Path 34, Net flow: 0.232311 ions/ms
8 001000
12 001100
13 001101
46 101110
47 101111
55 110111
51 110011
50 110010
17 010001
16 010000

Path 35, Net flow: 0.227993 ions/ms
21 010101
54 110110

Path 36, Net flow: 0.221916 ions/ms
8 001000
12 001100
13 001101
46 101110
47 101111
43 101011
51 110011
50 110010
17 010001
16 010000

Path 37, Net flow: 0.203391 ions/ms
8 001000
12 001100
13 001101
46 101110
38 100110
34 100010
42 101010
50 110010
17 010001
16 010000

Path 38, Net flow: 0.202309 ions/ms
8 001000
12 001100
13 001101
46 101110
54 110110
21 010101
17 010001
16 010000

Path 39, Net flow: 0.202093 ions/ms
8 001000
9 001001
13 001101
46 101110
42 101010
50 110010
17 010001
16 010000

Path 40, Net flow: 0.183691 ions/ms
8 001000
12 001100
13 001101
46 101110
47 101111
43 101011
42 101010
50 110010
17 010001
16 010000

Path 41, Net flow: 0.175900 ions/ms
17 010001
21 010101
54 110110
50 110010

Path 42, Net flow: 0.147003 ions/ms
8 001000
12 001100
13 001101
9 001001
42 101010
46 101110
54 110110
50 110010
17 010001
16 010000

Path 43, Net flow: 0.146455 ions/ms
50 110010
58 111010

Path 44, Net flow: 0.126111 ions/ms
42 101010
50 110010

Path 45, Net flow: 0.115424 ions/ms
8 001000
12 001100
13 001101
9 001001
42 101010
43 101011
51 110011
50 110010
17 010001
16 010000

Path 46, Net flow: 0.104571 ions/ms
8 001000
9 001001
42 101010
50 110010
17 010001
16 010000

Path 47, Net flow: 0.102231 ions/ms
12 001100
13 001101
46 101110
47 101111
55 110111
54 110110
50 110010
17 010001
16 010000
20 010100

Path 48, Net flow: 0.097041 ions/ms
24 011000
28 011100
29 011101
25 011001

Path 49, Net flow: 0.088889 ions/ms
38 100110
46 101110

Path 50, Net flow: 0.088878 ions/ms
9 001001
42 101010
50 110010
17 010001
16 010000
20 010100
12 001100
13 001101

Path 51, Net flow: 0.077298 ions/ms
16 010000
48 110000

Path 52, Net flow: 0.075192 ions/ms
50 110010
54 110110

Path 53, Net flow: 0.071313 ions/ms
51 110011
55 110111

Path 54, Net flow: 0.066128 ions/ms
8 001000
9 001001
13 001101
46 101110
47 101111
55 110111
54 110110
50 110010
17 010001
16 010000

Path 55, Net flow: 0.063251 ions/ms
8 001000
12 001100
13 001101
9 001001

Path 56, Net flow: 0.061929 ions/ms
8 001000
9 001001
13 001101
46 101110
54 110110
50 110010
17 010001
16 010000
20 010100
12 001100

Path 57, Net flow: 0.061010 ions/ms
8 001000
12 001100
13 001101
46 101110
42 101010
50 110010
17 010001
21 010101
20 010100
16 010000

Path 58, Net flow: 0.059080 ions/ms
35 100011
43 101011

Path 59, Net flow: 0.057633 ions/ms
42 101010
46 101110
47 101111
43 101011

Path 60, Net flow: 0.056531 ions/ms
8 001000
12 001100
13 001101
46 101110
38 100110
39 100111
35 100011
34 100010
42 101010
50 110010
17 010001
16 010000

Path 61, Net flow: 0.052883 ions/ms
12 001100
13 001101
46 101110
54 110110
21 010101
20 010100

Path 62, Net flow: 0.049877 ions/ms
16 010000
24 011000
28 011100
29 011101
62 111110
58 111010
50 110010
17 010001

Path 63, Net flow: 0.045195 ions/ms
8 001000
12 001100
13 001101
46 101110
54 110110
50 110010
58 111010
25 011001
24 011000
16 010000

Path 64, Net flow: 0.038790 ions/ms
8 001000
12 001100
13 001101
46 101110
42 101010
43 101011
51 110011
55 110111
54 110110
50 110010
17 010001
16 010000

Path 65, Net flow: 0.038696 ions/ms
12 001100
13 001101
46 101110
42 101010
43 101011
51 110011
50 110010
17 010001
16 010000
20 010100

Path 66, Net flow: 0.035333 ions/ms
16 010000
24 011000
28 011100
29 011101
25 011001
58 111010
50 110010
17 010001

Path 67, Net flow: 0.034889 ions/ms
8 001000
12 001100
13 001101
46 101110
38 100110
34 100010
35 100011
43 101011
51 110011
50 110010
17 010001
16 010000

Path 68, Net flow: 0.034629 ions/ms
24 011000
28 011100
29 011101
62 111110
58 111010
25 011001

Path 69, Net flow: 0.034380 ions/ms
8 001000
12 001100
13 001101
46 101110
47 101111
55 110111
54 110110
21 010101
20 010100
16 010000

Path 70, Net flow: 0.030380 ions/ms
12 001100
13 001101
46 101110
54 110110
50 110010
17 010001
21 010101
20 010100

Path 71, Net flow: 0.029411 ions/ms
8 001000
9 001001
13 001101
46 101110
54 110110
21 010101
20 010100
16 010000

Path 72, Net flow: 0.027863 ions/ms
35 100011
39 100111

Path 73, Net flow: 0.027614 ions/ms
8 001000
12 001100
13 001101
46 101110
42 101010
34 100010
35 100011
43 101011
51 110011
50 110010
17 010001
16 010000

Path 74, Net flow: 0.027485 ions/ms
8 001000
12 001100
13 001101
46 101110
38 100110
34 100010
35 100011
43 101011
42 101010
50 110010
17 010001
16 010000

Path 75, Net flow: 0.026290 ions/ms
28 011100
60 111100

Path 76, Net flow: 0.024995 ions/ms
8 001000
9 001001
13 001101
46 101110
42 101010
43 101011
51 110011
50 110010
17 010001
16 010000

Path 77, Net flow: 0.024863 ions/ms
8 001000
12 001100
13 001101
46 101110
38 100110
34 100010
42 101010
43 101011
51 110011
50 110010
17 010001
16 010000

Path 78, Net flow: 0.021935 ions/ms
12 001100
13 001101
46 101110
47 101111
55 110111
51 110011
50 110010
17 010001
16 010000
20 010100

Path 79, Net flow: 0.021110 ions/ms
8 001000
12 001100
13 001101
46 101110
47 101111
43 101011
51 110011
55 110111
54 110110
50 110010
17 010001
16 010000

Path 80, Net flow: 0.020921 ions/ms
12 001100
13 001101
46 101110
47 101111
43 101011
51 110011
50 110010
17 010001
16 010000
20 010100

Path 81, Net flow: 0.019940 ions/ms
42 101010
46 101110
54 110110
50 110010

Path 82, Net flow: 0.019638 ions/ms
8 001000
12 001100
13 001101
46 101110
47 101111
55 110111
54 110110
50 110010
17 010001
21 010101
20 010100
16 010000

Path 83, Net flow: 0.019175 ions/ms
12 001100
13 001101
46 101110
38 100110
34 100010
42 101010
50 110010
17 010001
16 010000
20 010100

Path 84, Net flow: 0.019099 ions/ms
12 001100
13 001101
46 101110
54 110110
21 010101
17 010001
16 010000
20 010100

Path 85, Net flow: 0.018944 ions/ms
46 101110
47 101111
55 110111
54 110110

Path 86, Net flow: 0.017758 ions/ms
34 100010
42 101010
46 101110
38 100110
39 100111
35 100011

Path 87, Net flow: 0.017375 ions/ms
8 001000
12 001100
13 001101
46 101110
38 100110
39 100111
35 100011
43 101011
51 110011
50 110010
17 010001
16 010000

Path 88, Net flow: 0.017308 ions/ms
12 001100
13 001101
46 101110
47 101111
43 101011
42 101010
50 110010
17 010001
16 010000
20 010100

Path 89, Net flow: 0.017237 ions/ms
0 000000
4 000100

Path 90, Net flow: 0.017223 ions/ms
8 001000
12 001100
20 010100
16 010000

Path 91, Net flow: 0.017197 ions/ms
8 001000
12 001100
13 001101
9 001001
42 101010
50 110010
17 010001
21 010101
20 010100
16 010000

Path 92, Net flow: 0.016803 ions/ms
8 001000
9 001001
13 001101
46 101110
54 110110
50 110010
17 010001
21 010101
20 010100
16 010000

Path 93, Net flow: 0.016654 ions/ms
8 001000
9 001001
42 101010
46 101110
54 110110
50 110010
17 010001
16 010000

Path 94, Net flow: 0.015151 ions/ms
20 010100
28 011100

Path 95, Net flow: 0.014837 ions/ms
42 101010
43 101011
51 110011
50 110010

Path 96, Net flow: 0.014833 ions/ms
16 010000
24 011000
28 011100
29 011101
62 111110
54 110110
50 110010
17 010001

Path 97, Net flow: 0.014465 ions/ms
4 000100
36 100100

Path 98, Net flow: 0.014391 ions/ms
8 001000
12 001100
13 001101
46 101110
47 101111
55 110111
54 110110
21 010101
17 010001
16 010000

Path 99, Net flow: 0.014339 ions/ms
8 001000
12 001100
13 001101
46 101110
47 101111
39 100111
35 100011
34 100010
42 101010
50 110010
17 010001
16 010000

Path 100, Net flow: 0.014275 ions/ms
8 001000
9 001001
13 001101
46 101110
47 101111
55 110111
51 110011
50 110010
17 010001
16 010000

Path 101, Net flow: 0.014231 ions/ms
20 010100
21 010101

Path 102, Net flow: 0.014040 ions/ms
9 001001
42 101010
46 101110
54 110110
50 110010
17 010001
16 010000
20 010100
12 001100
13 001101

Path 103, Net flow: 0.013707 ions/ms
8 001000
9 001001
13 001101
46 101110
47 101111
43 101011
51 110011
50 110010
17 010001
16 010000

Path 104, Net flow: 0.013631 ions/ms
8 001000
12 001100
13 001101
46 101110
38 100110
39 100111
35 100011
43 101011
42 101010
50 110010
17 010001
16 010000

Path 105, Net flow: 0.013587 ions/ms
8 001000
9 001001
13 001101
46 101110
42 101010
50 110010
17 010001
16 010000
20 010100
12 001100

Path 106, Net flow: 0.013451 ions/ms
34 100010
38 100110
39 100111
35 100011
43 101011
42 101010

Path 107, Net flow: 0.013093 ions/ms
1 000001
5 000101

Path 108, Net flow: 0.013078 ions/ms
8 001000
9 001001
42 101010
43 101011
51 110011
50 110010
17 010001
16 010000

Path 109, Net flow: 0.012764 ions/ms
25 011001
29 011101

Path 110, Net flow: 0.012519 ions/ms
8 001000
9 001001
13 001101
46 101110
38 100110
34 100010
42 101010
50 110010
17 010001
16 010000

Path 111, Net flow: 0.012464 ions/ms
8 001000
12 001100
13 001101
46 101110
47 101111
43 101011
35 100011
34 100010
42 101010
50 110010
17 010001
16 010000

Path 112, Net flow: 0.012339 ions/ms
9 001001
13 001101
46 101110
54 110110
50 110010
17 010001

Path 113, Net flow: 0.012311 ions/ms
8 001000
9 001001
13 001101
46 101110
54 110110
21 010101
17 010001
16 010000

Path 114, Net flow: 0.012236 ions/ms
8 001000
12 001100
44 101100
45 101101
13 001101
46 101110
54 110110
50 110010
17 010001
16 010000

Path 115, Net flow: 0.012018 ions/ms
8 001000
40 101000
44 101100
12 001100
13 001101
46 101110
54 110110
50 110010
17 010001
16 010000

Path 116, Net flow: 0.011732 ions/ms
8 001000
12 001100
13 001101
46 101110
54 110110
50 110010
17 010001
25 011001
24 011000
16 010000

Path 117, Net flow: 0.011347 ions/ms
8 001000
12 001100
13 001101
9 001001
42 101010
43 101011
51 110011
55 110111
54 110110
50 110010
17 010001
16 010000

Path 118, Net flow: 0.011288 ions/ms
8 001000
9 001001
13 001101
46 101110
47 101111
43 101011
42 101010
50 110010
17 010001
16 010000

Path 119, Net flow: 0.010973 ions/ms
9 001001
42 101010
43 101011
51 110011
50 110010
17 010001
16 010000
20 010100
12 001100
13 001101

Path 120, Net flow: 0.010762 ions/ms
8 001000
12 001100
13 001101
9 001001
42 101010
46 101110
47 101111
55 110111
54 110110
50 110010
17 010001
16 010000

