
  Paths with ion flow    Cl:  1   H:  0
	Path   0: Flow =      1.261  RLS = (16, 24)
      16 (0, 1, 0, 0, 0, 0)
      24 (0, 1, 1, 0, 0, 0)     42.527     41.233
      28 (0, 1, 1, 1, 0, 0)   4383.027   4380.605
      58 (1, 1, 1, 0, 1, 0)      2.207      0.001
      50 (1, 1, 0, 0, 1, 0)      1.561      0.224
      17 (0, 1, 0, 0, 0, 1)     53.628     24.505
      16 (0, 1, 0, 0, 0, 0)     28.605      0.000
	Path   1: Flow =      0.884  RLS = (58, 25)
      24 (0, 1, 1, 0, 0, 0)
      28 (0, 1, 1, 1, 0, 0)   4383.027   4380.605
      58 (1, 1, 1, 0, 1, 0)      2.207      0.001
      25 (0, 1, 1, 0, 0, 1)      1.959      0.970
      24 (0, 1, 1, 0, 0, 0)      1.132      0.005
	Path   2: Flow =      0.094  RLS = (20, 50)
      16 (0, 1, 0, 0, 0, 0)
      20 (0, 1, 0, 1, 0, 0)    193.386    192.029
      50 (1, 1, 0, 0, 1, 0)      0.097      0.022
      17 (0, 1, 0, 0, 0, 1)     53.628     24.505
      16 (0, 1, 0, 0, 0, 0)     28.605      0.000
	Path   3: Flow =      0.023  RLS = (20, 16)
      16 (0, 1, 0, 0, 0, 0)
      24 (0, 1, 1, 0, 0, 0)     42.527     41.233
      28 (0, 1, 1, 1, 0, 0)   4383.027   4380.605
      58 (1, 1, 1, 0, 1, 0)      2.207      0.001
      50 (1, 1, 0, 0, 1, 0)      1.561      0.224
      17 (0, 1, 0, 0, 0, 1)     53.628     24.505
      21 (0, 1, 0, 1, 0, 1)      0.966      0.498
      20 (0, 1, 0, 1, 0, 0)      1.167      0.025
      16 (0, 1, 0, 0, 0, 0)    192.029    193.386
	Path   4: Flow =      0.022  RLS = (20, 28)
      16 (0, 1, 0, 0, 0, 0)
      20 (0, 1, 0, 1, 0, 0)    193.386    192.029
      28 (0, 1, 1, 1, 0, 0)      0.741      0.723
      58 (1, 1, 1, 0, 1, 0)      2.207      0.001
      50 (1, 1, 0, 0, 1, 0)      1.561      0.224
      17 (0, 1, 0, 0, 0, 1)     53.628     24.505
      16 (0, 1, 0, 0, 0, 0)     28.605      0.000
	Path   5: Flow =      0.019  RLS = (21, 51)
      17 (0, 1, 0, 0, 0, 1)
      21 (0, 1, 0, 1, 0, 1)      0.966      0.498
      51 (1, 1, 0, 0, 1, 1)      0.044      0.000
      50 (1, 1, 0, 0, 1, 0)      1.569      0.000
      17 (0, 1, 0, 0, 0, 1)     53.628     24.505
	Path   6: Flow =      0.017  RLS = (29, 28)
      25 (0, 1, 1, 0, 0, 1)
      29 (0, 1, 1, 1, 0, 1)      0.038      0.145
      28 (0, 1, 1, 1, 0, 0)      0.339      0.572
      58 (1, 1, 1, 0, 1, 0)      2.207      0.001
      25 (0, 1, 1, 0, 0, 1)      1.959      0.970
	Path   7: Flow =      0.016  RLS = (21, 51)
       8 (0, 0, 1, 0, 0, 0)
      12 (0, 0, 1, 1, 0, 0)     92.689     68.340
      13 (0, 0, 1, 1, 0, 1)     27.109      0.361
      46 (1, 0, 1, 1, 1, 0)     26.801      0.000
      54 (1, 1, 0, 1, 1, 0)     20.303      0.288
      21 (0, 1, 0, 1, 0, 1)      1.130      0.415
      51 (1, 1, 0, 0, 1, 1)      0.044      0.000
      50 (1, 1, 0, 0, 1, 0)      1.569      0.000
      17 (0, 1, 0, 0, 0, 1)     53.628     24.505
      16 (0, 1, 0, 0, 0, 0)     28.605      0.000
       8 (0, 0, 1, 0, 0, 0)     25.955      0.002

  Paths with ion flow    Cl: -1   H:  0
	Path   0: Flow =      0.012  RLS = (20, 16)
       8 (0, 0, 1, 0, 0, 0)
      12 (0, 0, 1, 1, 0, 0)     92.689     68.340
      13 (0, 0, 1, 1, 0, 1)     27.109      0.361
      46 (1, 0, 1, 1, 1, 0)     26.801      0.000
      54 (1, 1, 0, 1, 1, 0)     20.303      0.288
      50 (1, 1, 0, 0, 1, 0)     19.935      0.079
      20 (0, 1, 0, 1, 0, 0)      0.022      0.097
      16 (0, 1, 0, 0, 0, 0)    192.029    193.386
       8 (0, 0, 1, 0, 0, 0)     25.955      0.002

  Paths with ion flow    Cl:  0   H: -1
	Path   0: Flow =      0.289  RLS = (38, 34)
       8 (0, 0, 1, 0, 0, 0)
      12 (0, 0, 1, 1, 0, 0)     92.689     68.340
      13 (0, 0, 1, 1, 0, 1)     27.109      0.361
      46 (1, 0, 1, 1, 1, 0)     26.801      0.000
      54 (1, 1, 0, 1, 1, 0)     20.303      0.288
      38 (1, 0, 0, 1, 1, 0)      1.057      0.000
      34 (1, 0, 0, 0, 1, 0)    530.147    675.625
      42 (1, 0, 1, 0, 1, 0)      1.820      0.811
      50 (1, 1, 0, 0, 1, 0)      6.436      0.167
      17 (0, 1, 0, 0, 0, 1)     53.628     24.505
      16 (0, 1, 0, 0, 0, 0)     28.605      0.000
       8 (0, 0, 1, 0, 0, 0)     25.955      0.002
	Path   1: Flow =      0.127  RLS = (38, 46)
      38 (1, 0, 0, 1, 1, 0)
      46 (1, 0, 1, 1, 1, 0)      0.336      0.682
      54 (1, 1, 0, 1, 1, 0)     20.303      0.288
      38 (1, 0, 0, 1, 1, 0)      1.057      0.000
	Path   2: Flow =      0.091  RLS = (38, 34)
      34 (1, 0, 0, 0, 1, 0)
      42 (1, 0, 1, 0, 1, 0)      1.820      0.811
      46 (1, 0, 1, 1, 1, 0)      1.578      5.645
      54 (1, 1, 0, 1, 1, 0)     20.303      0.288
      38 (1, 0, 0, 1, 1, 0)      1.057      0.000
      34 (1, 0, 0, 0, 1, 0)    530.147    675.625
	Path   3: Flow =      0.080  RLS = (34, 42)
       8 (0, 0, 1, 0, 0, 0)
      12 (0, 0, 1, 1, 0, 0)     92.689     68.340
      13 (0, 0, 1, 1, 0, 1)     27.109      0.361
      46 (1, 0, 1, 1, 1, 0)     26.801      0.000
      54 (1, 1, 0, 1, 1, 0)     20.303      0.288
      38 (1, 0, 0, 1, 1, 0)      1.057      0.000
      39 (1, 0, 0, 1, 1, 1)    272.595    125.704
      35 (1, 0, 0, 0, 1, 1)    146.934      0.039
      34 (1, 0, 0, 0, 1, 0)   1009.541    863.036
      42 (1, 0, 1, 0, 1, 0)      1.820      0.811
      50 (1, 1, 0, 0, 1, 0)      6.436      0.167
      17 (0, 1, 0, 0, 0, 1)     53.628     24.505
      16 (0, 1, 0, 0, 0, 0)     28.605      0.000
       8 (0, 0, 1, 0, 0, 0)     25.955      0.002
	Path   4: Flow =      0.049  RLS = (34, 35)
       8 (0, 0, 1, 0, 0, 0)
      12 (0, 0, 1, 1, 0, 0)     92.689     68.340
      13 (0, 0, 1, 1, 0, 1)     27.109      0.361
      46 (1, 0, 1, 1, 1, 0)     26.801      0.000
      54 (1, 1, 0, 1, 1, 0)     20.303      0.288
      38 (1, 0, 0, 1, 1, 0)      1.057      0.000
      34 (1, 0, 0, 0, 1, 0)    530.147    675.625
      35 (1, 0, 0, 0, 1, 1)    863.036   1009.541
      43 (1, 0, 1, 0, 1, 1)      0.556      0.172
      51 (1, 1, 0, 0, 1, 1)      1.369      0.000
      50 (1, 1, 0, 0, 1, 0)      1.569      0.000
      17 (0, 1, 0, 0, 0, 1)     53.628     24.505
      16 (0, 1, 0, 0, 0, 0)     28.605      0.000
       8 (0, 0, 1, 0, 0, 0)     25.955      0.002
	Path   5: Flow =      0.039  RLS = (34, 35)
       8 (0, 0, 1, 0, 0, 0)
      12 (0, 0, 1, 1, 0, 0)     92.689     68.340
      13 (0, 0, 1, 1, 0, 1)     27.109      0.361
      46 (1, 0, 1, 1, 1, 0)     26.801      0.000
      54 (1, 1, 0, 1, 1, 0)     20.303      0.288
      38 (1, 0, 0, 1, 1, 0)      1.057      0.000
      34 (1, 0, 0, 0, 1, 0)    530.147    675.625
      35 (1, 0, 0, 0, 1, 1)    863.036   1009.541
      43 (1, 0, 1, 0, 1, 1)      0.556      0.172
      42 (1, 0, 1, 0, 1, 0)      1.642      2.015
      50 (1, 1, 0, 0, 1, 0)      6.436      0.167
      17 (0, 1, 0, 0, 0, 1)     53.628     24.505
      16 (0, 1, 0, 0, 0, 0)     28.605      0.000
       8 (0, 0, 1, 0, 0, 0)     25.955      0.002
	Path   6: Flow =      0.035  RLS = (38, 34)
       8 (0, 0, 1, 0, 0, 0)
      12 (0, 0, 1, 1, 0, 0)     92.689     68.340
      13 (0, 0, 1, 1, 0, 1)     27.109      0.361
      46 (1, 0, 1, 1, 1, 0)     26.801      0.000
      54 (1, 1, 0, 1, 1, 0)     20.303      0.288
      38 (1, 0, 0, 1, 1, 0)      1.057      0.000
      34 (1, 0, 0, 0, 1, 0)    530.147    675.625
      42 (1, 0, 1, 0, 1, 0)      1.820      0.811
      43 (1, 0, 1, 0, 1, 1)      2.015      1.642
      51 (1, 1, 0, 0, 1, 1)      1.369      0.000
      50 (1, 1, 0, 0, 1, 0)      1.569      0.000
      17 (0, 1, 0, 0, 0, 1)     53.628     24.505
      16 (0, 1, 0, 0, 0, 0)     28.605      0.000
       8 (0, 0, 1, 0, 0, 0)     25.955      0.002
	Path   7: Flow =      0.027  RLS = (38, 34)
      12 (0, 0, 1, 1, 0, 0)
      13 (0, 0, 1, 1, 0, 1)     27.109      0.361
      46 (1, 0, 1, 1, 1, 0)     26.801      0.000
      54 (1, 1, 0, 1, 1, 0)     20.303      0.288
      38 (1, 0, 0, 1, 1, 0)      1.057      0.000
      34 (1, 0, 0, 0, 1, 0)    530.147    675.625
      42 (1, 0, 1, 0, 1, 0)      1.820      0.811
      50 (1, 1, 0, 0, 1, 0)      6.436      0.167
      17 (0, 1, 0, 0, 0, 1)     53.628     24.505
      16 (0, 1, 0, 0, 0, 0)     28.605      0.000
      20 (0, 1, 0, 1, 0, 0)    193.386    192.029
      12 (0, 0, 1, 1, 0, 0)      2.426      0.019
	Path   8: Flow =      0.025  RLS = (42, 46)
      34 (1, 0, 0, 0, 1, 0)
      42 (1, 0, 1, 0, 1, 0)      1.820      0.811
      46 (1, 0, 1, 1, 1, 0)      1.578      5.645
      54 (1, 1, 0, 1, 1, 0)     20.303      0.288
      38 (1, 0, 0, 1, 1, 0)      1.057      0.000
      39 (1, 0, 0, 1, 1, 1)    272.595    125.704
      35 (1, 0, 0, 0, 1, 1)    146.934      0.039
      34 (1, 0, 0, 0, 1, 0)   1009.541    863.036
	Path   9: Flow =      0.024  RLS = (35, 43)
       8 (0, 0, 1, 0, 0, 0)
      12 (0, 0, 1, 1, 0, 0)     92.689     68.340
      13 (0, 0, 1, 1, 0, 1)     27.109      0.361
      46 (1, 0, 1, 1, 1, 0)     26.801      0.000
      54 (1, 1, 0, 1, 1, 0)     20.303      0.288
      38 (1, 0, 0, 1, 1, 0)      1.057      0.000
      39 (1, 0, 0, 1, 1, 1)    272.595    125.704
      35 (1, 0, 0, 0, 1, 1)    146.934      0.039
      43 (1, 0, 1, 0, 1, 1)      0.556      0.172
      51 (1, 1, 0, 0, 1, 1)      1.369      0.000
      50 (1, 1, 0, 0, 1, 0)      1.569      0.000
      17 (0, 1, 0, 0, 0, 1)     53.628     24.505
      16 (0, 1, 0, 0, 0, 0)     28.605      0.000
       8 (0, 0, 1, 0, 0, 0)     25.955      0.002
	Path  10: Flow =      0.021  RLS = (38, 34)
       8 (0, 0, 1, 0, 0, 0)
      12 (0, 0, 1, 1, 0, 0)     92.689     68.340
      13 (0, 0, 1, 1, 0, 1)     27.109      0.361
      46 (1, 0, 1, 1, 1, 0)     26.801      0.000
      47 (1, 0, 1, 1, 1, 1)      2.902      0.524
      55 (1, 1, 0, 1, 1, 1)      1.786      0.005
      54 (1, 1, 0, 1, 1, 0)      1.612      0.000
      38 (1, 0, 0, 1, 1, 0)      1.057      0.000
      34 (1, 0, 0, 0, 1, 0)    530.147    675.625
      42 (1, 0, 1, 0, 1, 0)      1.820      0.811
      50 (1, 1, 0, 0, 1, 0)      6.436      0.167
      17 (0, 1, 0, 0, 0, 1)     53.628     24.505
      16 (0, 1, 0, 0, 0, 0)     28.605      0.000
       8 (0, 0, 1, 0, 0, 0)     25.955      0.002
	Path  11: Flow =      0.019  RLS = (43, 42)
       8 (0, 0, 1, 0, 0, 0)
      12 (0, 0, 1, 1, 0, 0)     92.689     68.340
      13 (0, 0, 1, 1, 0, 1)     27.109      0.361
      46 (1, 0, 1, 1, 1, 0)     26.801      0.000
      54 (1, 1, 0, 1, 1, 0)     20.303      0.288
      38 (1, 0, 0, 1, 1, 0)      1.057      0.000
      39 (1, 0, 0, 1, 1, 1)    272.595    125.704
      35 (1, 0, 0, 0, 1, 1)    146.934      0.039
      43 (1, 0, 1, 0, 1, 1)      0.556      0.172
      42 (1, 0, 1, 0, 1, 0)      1.642      2.015
      50 (1, 1, 0, 0, 1, 0)      6.436      0.167
      17 (0, 1, 0, 0, 0, 1)     53.628     24.505
      16 (0, 1, 0, 0, 0, 0)     28.605      0.000
       8 (0, 0, 1, 0, 0, 0)     25.955      0.002
	Path  12: Flow =      0.018  RLS = (38, 34)
       8 (0, 0, 1, 0, 0, 0)
       9 (0, 0, 1, 0, 0, 1)      1.671      0.087
      13 (0, 0, 1, 1, 0, 1)     36.361     36.321
      46 (1, 0, 1, 1, 1, 0)     26.801      0.000
      54 (1, 1, 0, 1, 1, 0)     20.303      0.288
      38 (1, 0, 0, 1, 1, 0)      1.057      0.000
      34 (1, 0, 0, 0, 1, 0)    530.147    675.625
      42 (1, 0, 1, 0, 1, 0)      1.820      0.811
      50 (1, 1, 0, 0, 1, 0)      6.436      0.167
      17 (0, 1, 0, 0, 0, 1)     53.628     24.505
      16 (0, 1, 0, 0, 0, 0)     28.605      0.000
       8 (0, 0, 1, 0, 0, 0)     25.955      0.002
	Path  13: Flow =      0.017  RLS = (39, 47)
      38 (1, 0, 0, 1, 1, 0)
      39 (1, 0, 0, 1, 1, 1)    272.595    125.704
      47 (1, 0, 1, 1, 1, 1)      0.075      0.060
      55 (1, 1, 0, 1, 1, 1)      1.786      0.005
      54 (1, 1, 0, 1, 1, 0)      1.612      0.000
      38 (1, 0, 0, 1, 1, 0)      1.057      0.000
	Path  14: Flow =      0.012  RLS = (34, 35)
      34 (1, 0, 0, 0, 1, 0)
      35 (1, 0, 0, 0, 1, 1)    863.036   1009.541
      43 (1, 0, 1, 0, 1, 1)      0.556      0.172
      42 (1, 0, 1, 0, 1, 0)      1.642      2.015
      46 (1, 0, 1, 1, 1, 0)      1.578      5.645
      54 (1, 1, 0, 1, 1, 0)     20.303      0.288
      38 (1, 0, 0, 1, 1, 0)      1.057      0.000
      34 (1, 0, 0, 0, 1, 0)    530.147    675.625
