      Fwd_Rate      Rev_Rate      Net_Rate  PEI                                Reaction_String
  3402.0802845  3187.9794966   214.1007878 0.50          (0)(000000)  <=>          (1)(000001)
 2071076.7423434 2071087.1334126   -10.3910692 0.50          (0)(000000)  <=>          (4)(000100)
 17093.3285524 16723.9645410   369.3640114 0.50          (0)(000000)  <=>          (8)(001000)
  2383.0109419  2956.0846719  -573.0737300 0.50          (0)(000000)  <=>         (32)(100000)
   335.4619727   309.5669931    25.8949797 0.50          (1)(000001)  <=>          (5)(000101)
     5.1601385     1.5825046     3.5776339 0.50          (1)(000001)  <=>          (9)(001001)
     0.7193840     0.7239887    -0.0046047 0.50          (1)(000001)  <=>         (33)(100001)
  8090.4198442  7905.7870651   184.6327790 0.50          (1)(000001)  <=>         (34)(100010)
   191.1214580   230.6090629   -39.4876049 0.50          (4)(000100)  <=>          (5)(000101)
  1373.2884030  1343.9720206    29.3163824 0.50          (4)(000100)  <=>         (12)(001100)
   191.4525472   191.6723939    -0.2198467 0.50          (4)(000100)  <=>         (36)(100100)
     0.2030266     0.0917491     0.1112775 0.50          (5)(000101)  <=>         (13)(001101)
     0.0283043     0.0283028     0.0000015 0.50          (5)(000101)  <=>         (37)(100101)
   104.3185226   118.0224269   -13.7039042 0.50          (5)(000101)  <=>         (38)(100110)
  1084.4807463   318.5399028   765.9408436 0.50          (8)(001000)  <=>          (9)(001001)
 660196.8982138 660376.3866997  -179.4884858 0.50          (8)(001000)  <=>         (12)(001100)
   641.1779282   671.5843753   -30.4064471 0.50          (8)(001000)  <=>         (16)(010000)
   759.6321276   946.3140269  -186.6818993 0.50          (8)(001000)  <=>         (40)(101000)
    33.5190437    45.5793658   -12.0603221 0.50          (9)(001001)  <=>         (13)(001101)
     0.0606714     0.0064867     0.0541847 0.50          (9)(001001)  <=>         (17)(010001)
     0.0718802     0.0736266    -0.0017464 0.50          (9)(001001)  <=>         (41)(101001)
   808.3871158    26.8607546   781.5263612 0.50          (9)(001001)  <=>         (42)(101010)
    60.9400232    33.9539262    26.9860970 0.50         (12)(001100)  <=>         (13)(001101)
   150.9182545   328.0049120  -177.0866575 0.50         (12)(001100)  <=>         (20)(010100)
    61.0455926    61.1171354    -0.0715429 0.50         (12)(001100)  <=>         (44)(101100)
     0.0103028     0.0798166    -0.0695138 0.50         (13)(001101)  <=>         (21)(010101)
     0.0041674     0.0041750    -0.0000076 0.50         (13)(001101)  <=>         (45)(101101)
    15.3594285     0.2528547    15.1065738 0.50         (13)(001101)  <=>         (46)(101110)
 132881.1178295 190406.3132537 -57525.1954242 0.50         (16)(010000)  <=>         (17)(010001)
 140413983.6099190 140360914.5071261 53069.1027929 0.50         (16)(010000)  <=>         (20)(010100)
 22914657.5921307 22910803.5777594  3854.0143713 0.50         (16)(010000)  <=>         (24)(011000)
 1214250.9747543 1213679.3029413   571.6718130 0.50         (16)(010000)  <=>         (48)(110000)
 88404.2238377 13446.3203716 74957.9034660 0.50         (17)(010001)  <=>         (21)(010101)
   221.3285082   208.4162034    12.9123047 0.50         (17)(010001)  <=>         (25)(011001)
    11.7282292     8.8857556     2.8424736 0.50         (17)(010001)  <=>         (49)(110001)
 13848.7609507 146347.5604346 -132498.7994839 0.50         (17)(010001)  <=>         (50)(110010)
 25189.9155183 85469.0812168 -60279.1656985 0.50         (20)(010100)  <=>         (21)(010101)
 184567.7235643 184530.5840115    37.1395529 0.50         (20)(010100)  <=>         (28)(011100)
 119620.1747747  6484.9806887 113135.1940860 0.50         (20)(010100)  <=>         (50)(110010)
  9780.2700016  9781.4218067    -1.1518050 0.50         (20)(010100)  <=>         (52)(110100)
    44.9126367    42.6756511     2.2369856 0.50         (21)(010101)  <=>         (29)(011101)
  1389.1740488     6.8013600  1382.3726888 0.50         (21)(010101)  <=>         (51)(110011)
     2.3799270     2.2756072     0.1043198 0.50         (21)(010101)  <=>         (53)(110101)
 20242.7227501  6948.7684906 13293.9542595 0.50         (21)(010101)  <=>         (54)(110110)
 43286.7433219 58417.1221099 -15130.3787880 0.50         (24)(011000)  <=>         (25)(011001)
 45740615.1198075 45721816.8659984 18798.2538090 0.50         (24)(011000)  <=>         (28)(011100)
 395548.8268845 395362.6875343   186.1393502 0.50         (24)(011000)  <=>         (56)(111000)
 27122.6318640  4162.7444294 22959.8874345 0.50         (25)(011001)  <=>         (29)(011101)
     3.5982494     2.7820076     0.8162418 0.50         (25)(011001)  <=>         (57)(111001)
  4248.8336952 42327.0038547 -38078.1701596 0.50         (25)(011001)  <=>         (58)(111010)
  8205.4801954 26459.7251806 -18254.2449852 0.50         (28)(011100)  <=>         (29)(011101)
 38965.6318765  1875.6021747 37090.0297018 0.50         (28)(011100)  <=>         (58)(111010)
  3185.8706214  3186.2619761    -0.3913547 0.50         (28)(011100)  <=>         (60)(111100)
   430.0638668     2.0547210   428.0091458 0.50         (29)(011101)  <=>         (59)(111011)
     0.7367836     0.7144462     0.0223374 0.50         (29)(011101)  <=>         (61)(111101)
  6266.7911395  1986.9431877  4279.8479519 0.50         (29)(011101)  <=>         (62)(111110)
     0.0017550     0.0013342     0.0004208 0.50         (32)(100000)  <=>         (33)(100001)
     1.0683598     0.8622383     0.2061215 0.50         (32)(100000)  <=>         (36)(100100)
     0.0088176     0.0086637     0.0001539 0.50         (32)(100000)  <=>         (40)(101000)
     0.0002984   573.2807246  -573.2804262 0.50         (32)(100000)  <=>         (48)(110000)
     0.0001404     0.0001287     0.0000117 0.50         (33)(100001)  <=>         (37)(100101)
     0.0000022     0.0000007     0.0000015 0.50         (33)(100001)  <=>         (41)(101001)
     0.0000001     0.0041972    -0.0041971 0.50         (33)(100001)  <=>         (49)(110001)
     8.3002342     9.7680270    -1.4677928 0.50         (34)(100010)  <=>         (35)(100011)
 31394.3230388 31376.5056180    17.8174207 0.50         (34)(100010)  <=>         (38)(100110)
   172.0087123     4.6729494   167.3357629 0.50         (34)(100010)  <=>         (42)(101010)
     4.0658932     3.1185050     0.9473882 0.50         (34)(100010)  <=>         (50)(110010)
     0.1106138     1.5775366    -1.4669228 0.50         (35)(100011)  <=>         (39)(100111)
     0.0014247     0.0000324     0.0013923 0.50         (35)(100011)  <=>         (43)(101011)
     0.0000337     0.0022960    -0.0022623 0.50         (35)(100011)  <=>         (51)(110011)
     0.0000796     0.0000959    -0.0000163 0.50         (36)(100100)  <=>         (37)(100101)
     0.0005717     0.0005595     0.0000122 0.50         (36)(100100)  <=>         (44)(101100)
     0.0000008     0.0137218    -0.0137211 0.50         (36)(100100)  <=>         (52)(110100)
     0.0000001     0.0000000     0.0000000 0.50         (37)(100101)  <=>         (45)(101101)
     0.0000000     0.0000032    -0.0000032 0.50         (37)(100101)  <=>         (53)(110101)
     4.5656273     3.0984437     1.4671836 0.50         (38)(100110)  <=>         (39)(100111)
     7.1633256     0.1227125     7.0406131 0.50         (38)(100110)  <=>         (46)(101110)
     4.5167048     8.9109850    -4.3942802 0.50         (38)(100110)  <=>         (54)(110110)
     0.0003728     0.0000050     0.0003677 0.50         (39)(100111)  <=>         (47)(101111)
     0.0002350     0.0003419    -0.0001069 0.50         (39)(100111)  <=>         (55)(110111)
     0.0005618     0.0001357     0.0004261 0.50         (40)(101000)  <=>         (41)(101001)
     0.3420078     0.2749355     0.0670723 0.50         (40)(101000)  <=>         (44)(101100)
     0.0000955   186.7493393  -186.7492438 0.50         (40)(101000)  <=>         (56)(111000)
     0.0000143     0.0000190    -0.0000047 0.50         (41)(101001)  <=>         (45)(101101)
     0.0000000     0.0013141    -0.0013141 0.50         (41)(101001)  <=>         (57)(111001)
     0.0282009     0.0277484     0.0004525 0.50         (42)(101010)  <=>         (43)(101011)
   106.6655605    67.2219477    39.4436128 0.50         (42)(101010)  <=>         (46)(101110)
   912.2355919     1.9294058   910.3061861 0.50         (42)(101010)  <=>         (50)(110010)
     0.0138143     0.9019417    -0.8881274 0.50         (42)(101010)  <=>         (58)(111010)
     0.0003142     0.0026727    -0.0023585 0.50         (43)(101011)  <=>         (47)(101111)
     0.0063174     0.0014205     0.0048969 0.50         (43)(101011)  <=>         (51)(110011)
     0.0000001     0.0006936    -0.0006935 0.50         (43)(101011)  <=>         (59)(111011)
     0.0000254     0.0000141     0.0000112 0.50         (44)(101100)  <=>         (45)(101101)
     0.0000002     0.0044698    -0.0044696 0.50         (44)(101100)  <=>         (60)(111100)
     0.0000000     0.0000010    -0.0000010 0.50         (45)(101101)  <=>         (61)(111101)
     0.0097815     0.0052494     0.0045321 0.50         (46)(101110)  <=>         (47)(101111)
    65.0038047     0.8791910    64.1246138 0.50         (46)(101110)  <=>         (54)(110110)
     0.0096767     2.5480229    -2.5383461 0.50         (46)(101110)  <=>         (62)(111110)
     0.0026750     0.0000337     0.0026412 0.50         (47)(101111)  <=>         (55)(110111)
     0.0000004     0.0001003    -0.0000999 0.50         (47)(101111)  <=>         (63)(111111)
     5.7493336     6.2445625    -0.4952288 0.50         (48)(110000)  <=>         (49)(110001)
  6075.2562223  6076.5361421    -1.2799198 0.50         (48)(110000)  <=>         (52)(110100)
   991.4426793   991.2761438     0.1665354 0.50         (48)(110000)  <=>         (56)(111000)
     2.8993035     0.5565393     2.3427642 0.50         (49)(110001)  <=>         (53)(110101)
     0.0072587     0.0069752     0.0002835 0.50         (49)(110001)  <=>         (57)(111001)
   625.0394994  1750.7932780 -1125.7537787 0.50         (50)(110010)  <=>         (51)(110011)
 632384.7535103 647970.3317006 -15585.5781904 0.50         (50)(110010)  <=>         (54)(110110)
  1326.3953180  3067.4151726 -1741.0198546 0.50         (50)(110010)  <=>         (58)(111010)
   318.3914369    60.3875027   258.0039342 0.50         (51)(110011)  <=>         (55)(110111)
     0.9765411     2.3589306    -1.3823895 0.50         (51)(110011)  <=>         (59)(111011)
     1.0905275     3.5375407    -2.4470132 0.50         (52)(110100)  <=>         (53)(110101)
     7.9903472     7.9887799     0.0015673 0.50         (52)(110100)  <=>         (60)(111100)
     0.0018589     0.0017913     0.0000676 0.50         (53)(110101)  <=>         (61)(111101)
   372.0824417   630.1680899  -258.0856483 0.50         (54)(110110)  <=>         (55)(110111)
  1534.4099897  3508.2179387 -1973.8079490 0.50         (54)(110110)  <=>         (62)(111110)
     0.0588802     0.1380599    -0.0791797 0.50         (55)(110111)  <=>         (63)(111111)
     1.8728770     1.9550864    -0.0822095 0.50         (56)(111000)  <=>         (57)(111001)
  1979.0480250  1979.4091737    -0.3611487 0.50         (56)(111000)  <=>         (60)(111100)
     0.9077320     0.1747303     0.7330017 0.50         (57)(111001)  <=>         (61)(111101)
   180.7754719   528.9224136  -348.1469417 0.50         (58)(111010)  <=>         (59)(111011)
 182899.8844943 185281.7859923 -2381.9014981 0.50         (58)(111010)  <=>         (62)(111110)
    96.1874651    17.7083441    78.4791210 0.50         (59)(111011)  <=>         (63)(111111)
     0.3552353     1.1106410    -0.7554057 0.50         (60)(111100)  <=>         (61)(111101)
   106.3939134   184.7937547   -78.3998414 0.50         (62)(111110)  <=>         (63)(111111)
