MRE:1.394e-01 
Net external to internal...
Cl flow (ions/ms): 151976.458
H  flow (ions/ms): -771.210

stoichiometry (Cl,H)	net flow (ions/ms)
(2, 0)	0.021
(1, 0)	152029.689
(1, -1)	10.615
(1, 1)	0.000
(-1, 0)	44.908
(-1, 1)	0.081
(-1, -1)	18.898
(0, 1)	3.811
(0, -1)	745.590
(0, 0)	213866509.223

(Cl,H) stoichiometry: (2, 0)

Path 0, Net flow: 0.020512 ions/ms
16 010000
24 011000
28 011100
58 111010
25 011001
29 011101
59 111011
63 111111
62 111110
54 110110
50 110010
17 010001

(Cl,H) stoichiometry: (1, 0)

Path 0, Net flow: 80567.868050 ions/ms
16 010000
20 010100
50 110010
17 010001

Path 1, Net flow: 26711.843009 ions/ms
17 010001
21 010101
20 010100
50 110010

Path 2, Net flow: 23045.245085 ions/ms
24 011000
28 011100
58 111010
25 011001

Path 3, Net flow: 7655.500325 ions/ms
25 011001
29 011101
28 011100
58 111010

Path 4, Net flow: 3854.309469 ions/ms
20 010100
50 110010
54 110110
21 010101

Path 5, Net flow: 1813.881683 ions/ms
16 010000
24 011000
28 011100
58 111010
62 111110
54 110110
50 110010
17 010001

Path 6, Net flow: 1670.111383 ions/ms
16 010000
24 011000
28 011100
58 111010
50 110010
17 010001

Path 7, Net flow: 1089.608441 ions/ms
28 011100
58 111010
62 111110
29 011101

Path 8, Net flow: 886.548181 ions/ms
17 010001
21 010101
51 110011
50 110010

Path 9, Net flow: 692.014527 ions/ms
16 010000
20 010100
50 110010
54 110110
62 111110
58 111010
25 011001
24 011000

Path 10, Net flow: 638.524789 ions/ms
16 010000
20 010100
50 110010
58 111010
25 011001
24 011000

Path 11, Net flow: 596.507374 ions/ms
16 010000
24 011000
28 011100
58 111010
62 111110
54 110110
50 110010
17 010001
21 010101
20 010100

Path 12, Net flow: 550.305414 ions/ms
16 010000
24 011000
28 011100
58 111010
50 110010
17 010001
21 010101
20 010100

Path 13, Net flow: 260.925310 ions/ms
25 011001
29 011101
59 111011
58 111010

Path 14, Net flow: 228.377089 ions/ms
16 010000
20 010100
50 110010
54 110110
62 111110
58 111010
25 011001
29 011101
28 011100
24 011000

Path 15, Net flow: 209.664889 ions/ms
16 010000
20 010100
50 110010
58 111010
25 011001
29 011101
28 011100
24 011000

Path 16, Net flow: 168.289819 ions/ms
16 010000
20 010100
21 010101
51 110011
50 110010
17 010001

Path 17, Net flow: 141.628092 ions/ms
17 010001
21 010101
51 110011
55 110111
54 110110
50 110010

Path 18, Net flow: 108.783068 ions/ms
16 010000
24 011000
28 011100
58 111010
62 111110
54 110110
21 010101
20 010100

Path 19, Net flow: 106.330469 ions/ms
16 010000
20 010100
50 110010
54 110110
21 010101
17 010001

Path 20, Net flow: 104.013945 ions/ms
16 010000
24 011000
28 011100
20 010100
50 110010
17 010001

Path 21, Net flow: 96.010232 ions/ms
21 010101
51 110011
50 110010
54 110110

Path 22, Net flow: 91.977034 ions/ms
16 010000
20 010100
28 011100
58 111010
25 011001
24 011000

Path 23, Net flow: 81.028734 ions/ms
16 010000
24 011000
28 011100
58 111010
50 110010
54 110110
21 010101
20 010100

Path 24, Net flow: 70.018164 ions/ms
16 010000
20 010100
50 110010
17 010001
25 011001
24 011000

Path 25, Net flow: 62.129620 ions/ms
16 010000
24 011000
28 011100
58 111010
25 011001
17 010001

Path 26, Net flow: 47.995392 ions/ms
24 011000
28 011100
29 011101
59 111011
58 111010
25 011001

Path 27, Net flow: 41.179290 ions/ms
16 010000
20 010100
50 110010
54 110110
62 111110
29 011101
28 011100
24 011000

Path 28, Net flow: 33.937807 ions/ms
25 011001
29 011101
59 111011
63 111111
62 111110
58 111010

Path 29, Net flow: 29.034538 ions/ms
16 010000
20 010100
50 110010
58 111010
62 111110
29 011101
28 011100
24 011000

Path 30, Net flow: 29.030652 ions/ms
24 011000
28 011100
58 111010
62 111110
29 011101
25 011001

Path 31, Net flow: 28.292082 ions/ms
29 011101
59 111011
58 111010
62 111110

Path 32, Net flow: 28.023055 ions/ms
16 010000
20 010100
21 010101
51 110011
55 110111
54 110110
50 110010
17 010001

Path 33, Net flow: 26.429623 ions/ms
16 010000
24 011000
28 011100
58 111010
25 011001
29 011101
62 111110
54 110110
50 110010
17 010001

Path 34, Net flow: 23.157409 ions/ms
16 010000
20 010100
50 110010
17 010001
25 011001
29 011101
28 011100
24 011000

Path 35, Net flow: 21.802073 ions/ms
16 010000
20 010100
28 011100
58 111010
62 111110
54 110110
50 110010
17 010001

Path 36, Net flow: 19.227516 ions/ms
16 010000
20 010100
28 011100
58 111010
50 110010
17 010001

Path 37, Net flow: 19.098969 ions/ms
16 010000
24 011000
28 011100
58 111010
25 011001
17 010001
21 010101
20 010100

Path 38, Net flow: 16.475535 ions/ms
21 010101
51 110011
55 110111
54 110110

Path 39, Net flow: 13.244438 ions/ms
16 010000
20 010100
50 110010
17 010001
21 010101
29 011101
28 011100
24 011000

Path 40, Net flow: 11.661891 ions/ms
16 010000
24 011000
28 011100
58 111010
25 011001
29 011101
21 010101
20 010100

Path 41, Net flow: 10.259461 ions/ms
16 010000
20 010100
50 110010
17 010001
21 010101
54 110110
62 111110
58 111010
25 011001
24 011000

Path 42, Net flow: 9.149283 ions/ms
16 010000
24 011000
28 011100
58 111010
62 111110
54 110110
21 010101
17 010001

Path 43, Net flow: 8.651224 ions/ms
16 010000
24 011000
25 011001
29 011101
59 111011
58 111010
62 111110
54 110110
50 110010
17 010001

Path 44, Net flow: 8.332016 ions/ms
17 010001
21 010101
20 010100
28 011100
58 111010
50 110010

Path 45, Net flow: 7.981362 ions/ms
17 010001
21 010101
20 010100
28 011100
58 111010
62 111110
54 110110
50 110010

Path 46, Net flow: 7.910033 ions/ms
16 010000
24 011000
25 011001
29 011101
59 111011
58 111010
50 110010
17 010001

Path 47, Net flow: 6.981411 ions/ms
24 011000
28 011100
29 011101
59 111011
63 111111
62 111110
58 111010
25 011001

Path 48, Net flow: 6.281610 ions/ms
20 010100
50 110010
54 110110
62 111110
58 111010
25 011001
24 011000
28 011100

Path 49, Net flow: 5.621744 ions/ms
20 010100
50 110010
58 111010
25 011001
24 011000
28 011100

Path 50, Net flow: 5.488465 ions/ms
16 010000
24 011000
28 011100
29 011101
59 111011
58 111010
62 111110
54 110110
50 110010
17 010001

Path 51, Net flow: 5.485361 ions/ms
16 010000
24 011000
28 011100
58 111010
50 110010
54 110110
21 010101
17 010001

Path 52, Net flow: 5.018140 ions/ms
16 010000
24 011000
28 011100
29 011101
59 111011
58 111010
50 110010
17 010001

Path 53, Net flow: 3.249513 ions/ms
16 010000
24 011000
28 011100
58 111010
25 011001
29 011101
62 111110
54 110110
50 110010
17 010001
21 010101
20 010100

Path 54, Net flow: 3.146163 ions/ms
16 010000
17 010001
21 010101
51 110011
50 110010
58 111010
25 011001
24 011000

Path 55, Net flow: 2.997258 ions/ms
16 010000
17 010001
21 010101
51 110011
50 110010
54 110110
62 111110
58 111010
25 011001
24 011000

Path 56, Net flow: 2.968690 ions/ms
16 010000
20 010100
21 010101
51 110011
50 110010
54 110110
62 111110
58 111010
25 011001
24 011000

Path 57, Net flow: 2.954526 ions/ms
16 010000
48 110000
52 110100
20 010100
50 110010
17 010001

Path 58, Net flow: 2.828434 ions/ms
20 010100
50 110010
54 110110
62 111110
58 111010
25 011001
29 011101
28 011100

Path 59, Net flow: 2.539165 ions/ms
20 010100
50 110010
58 111010
25 011001
29 011101
28 011100

Path 60, Net flow: 2.348207 ions/ms
16 010000
20 010100
50 110010
54 110110
62 111110
58 111010
25 011001
17 010001

Path 61, Net flow: 2.205415 ions/ms
16 010000
20 010100
21 010101
51 110011
50 110010
58 111010
25 011001
24 011000

Path 62, Net flow: 2.166990 ions/ms
16 010000
20 010100
50 110010
58 111010
25 011001
17 010001

Path 63, Net flow: 1.961999 ions/ms
17 010001
25 011001
24 011000
28 011100
58 111010
62 111110
54 110110
50 110010

Path 64, Net flow: 1.882769 ions/ms
29 011101
59 111011
63 111111
62 111110

Path 65, Net flow: 1.814473 ions/ms
17 010001
25 011001
24 011000
28 011100
58 111010
50 110010

Path 66, Net flow: 1.758825 ions/ms
16 010000
24 011000
25 011001
29 011101
59 111011
63 111111
62 111110
54 110110
50 110010
17 010001

Path 67, Net flow: 1.523393 ions/ms
20 010100
28 011100
58 111010
62 111110
54 110110
21 010101

Path 68, Net flow: 1.473300 ions/ms
16 010000
24 011000
28 011100
29 011101
59 111011
63 111111
62 111110
54 110110
50 110010
17 010001

Path 69, Net flow: 1.234503 ions/ms
16 010000
24 011000
28 011100
58 111010
25 011001
29 011101
21 010101
17 010001

Path 70, Net flow: 1.108364 ions/ms
16 010000
24 011000
28 011100
58 111010
25 011001
29 011101
21 010101
54 110110
50 110010
17 010001

Path 71, Net flow: 1.007751 ions/ms
20 010100
28 011100
58 111010
50 110010
54 110110
21 010101

Path 72, Net flow: 0.999198 ions/ms
16 010000
24 011000
25 011001
29 011101
59 111011
63 111111
62 111110
58 111010
50 110010
17 010001

Path 73, Net flow: 0.986068 ions/ms
16 010000
20 010100
28 011100
58 111010
25 011001
17 010001

Path 74, Net flow: 0.758159 ions/ms
16 010000
24 011000
25 011001
29 011101
28 011100
58 111010
62 111110
54 110110
50 110010
17 010001

Path 75, Net flow: 0.747185 ions/ms
16 010000
24 011000
28 011100
29 011101
59 111011
63 111111
62 111110
58 111010
50 110010
17 010001

Path 76, Net flow: 0.738969 ions/ms
24 011000
56 111000
60 111100
28 011100
58 111010
25 011001

Path 77, Net flow: 0.684495 ions/ms
17 010001
25 011001
24 011000
28 011100
20 010100
50 110010

Path 78, Net flow: 0.613679 ions/ms
20 010100
50 110010
51 110011
55 110111
54 110110
21 010101

Path 79, Net flow: 0.581225 ions/ms
20 010100
50 110010
58 111010
62 111110
54 110110
21 010101

Path 80, Net flow: 0.529482 ions/ms
16 010000
24 011000
25 011001
29 011101
28 011100
58 111010
50 110010
17 010001

Path 81, Net flow: 0.525876 ions/ms
20 010100
50 110010
54 110110
62 111110
29 011101
28 011100

Path 82, Net flow: 0.383570 ions/ms
16 010000
24 011000
28 011100
58 111010
62 111110
29 011101
25 011001
17 010001

Path 83, Net flow: 0.344001 ions/ms
20 010100
50 110010
58 111010
25 011001
29 011101
21 010101

Path 84, Net flow: 0.310037 ions/ms
17 010001
21 010101
29 011101
28 011100
58 111010
50 110010

Path 85, Net flow: 0.303066 ions/ms
20 010100
50 110010
54 110110
62 111110
58 111010
25 011001
29 011101
21 010101

Path 86, Net flow: 0.280251 ions/ms
17 010001
25 011001
29 011101
28 011100
20 010100
50 110010

Path 87, Net flow: 0.253689 ions/ms
17 010001
21 010101
29 011101
28 011100
58 111010
62 111110
54 110110
50 110010

Path 88, Net flow: 0.191089 ions/ms
17 010001
21 010101
29 011101
28 011100
20 010100
50 110010

Path 89, Net flow: 0.188505 ions/ms
28 011100
58 111010
50 110010
54 110110
62 111110
29 011101

Path 90, Net flow: 0.171063 ions/ms
16 010000
24 011000
28 011100
29 011101
59 111011
58 111010
25 011001
17 010001

Path 91, Net flow: 0.161304 ions/ms
17 010001
21 010101
51 110011
59 111011
58 111010
50 110010

Path 92, Net flow: 0.159594 ions/ms
20 010100
50 110010
54 110110
21 010101
29 011101
28 011100

Path 93, Net flow: 0.154370 ions/ms
20 010100
28 011100
58 111010
25 011001
29 011101
21 010101

Path 94, Net flow: 0.112085 ions/ms
28 011100
58 111010
59 111011
63 111111
62 111110
29 011101

Path 95, Net flow: 0.096930 ions/ms
20 010100
50 110010
58 111010
62 111110
29 011101
28 011100

Path 96, Net flow: 0.095785 ions/ms
17 010001
21 010101
29 011101
59 111011
58 111010
50 110010

Path 97, Net flow: 0.082363 ions/ms
17 010001
21 010101
51 110011
55 110111
54 110110
62 111110
58 111010
25 011001

Path 98, Net flow: 0.081258 ions/ms
17 010001
25 011001
29 011101
59 111011
58 111010
50 110010

Path 99, Net flow: 0.066562 ions/ms
17 010001
21 010101
51 110011
50 110010
58 111010
25 011001

Path 100, Net flow: 0.065083 ions/ms
21 010101
51 110011
50 110010
58 111010
25 011001
29 011101

Path 101, Net flow: 0.062662 ions/ms
17 010001
21 010101
51 110011
50 110010
54 110110
62 111110
58 111010
25 011001

Path 102, Net flow: 0.061930 ions/ms
20 010100
50 110010
54 110110
62 111110
29 011101
21 010101

Path 103, Net flow: 0.054679 ions/ms
25 011001
29 011101
59 111011
51 110011
50 110010
58 111010

Path 104, Net flow: 0.054392 ions/ms
17 010001
21 010101
51 110011
59 111011
58 111010
25 011001

Path 105, Net flow: 0.050566 ions/ms
17 010001
21 010101
54 110110
62 111110
58 111010
25 011001
24 011000
28 011100
20 010100
50 110010

Path 106, Net flow: 0.047693 ions/ms
21 010101
29 011101
28 011100
58 111010
62 111110
54 110110

Path 107, Net flow: 0.045681 ions/ms
17 010001
21 010101
51 110011
55 110111
54 110110
50 110010
58 111010
25 011001

Path 108, Net flow: 0.040276 ions/ms
21 010101
29 011101
28 011100
58 111010
50 110010
54 110110

Path 109, Net flow: 0.032872 ions/ms
17 010001
25 011001
29 011101
21 010101
20 010100
50 110010

Path 110, Net flow: 0.025114 ions/ms
17 010001
21 010101
20 010100
28 011100
58 111010
25 011001

Path 111, Net flow: 0.024263 ions/ms
16 010000
24 011000
28 011100
58 111010
59 111011
51 110011
50 110010
17 010001

Path 112, Net flow: 0.022138 ions/ms
17 010001
21 010101
51 110011
55 110111
54 110110
62 111110
58 111010
50 110010

Path 113, Net flow: 0.016273 ions/ms
16 010000
24 011000
28 011100
58 111010
62 111110
29 011101
21 010101
17 010001

Path 114, Net flow: 0.012606 ions/ms
8 001000
16 010000
20 010100
50 110010
17 010001
21 010101
13 001101
12 001100

Path 115, Net flow: 0.011177 ions/ms
21 010101
51 110011
50 110010
54 110110
62 111110
58 111010
25 011001
29 011101

Path 116, Net flow: 0.010160 ions/ms
21 010101
29 011101
59 111011
58 111010
62 111110
54 110110

Path 117, Net flow: 0.010056 ions/ms
17 010001
25 011001
29 011101
59 111011
58 111010
62 111110
54 110110
50 110010

Path 118, Net flow: 0.010000 ions/ms
21 010101
51 110011
59 111011
58 111010
62 111110
54 110110

(Cl,H) stoichiometry: (1, -1)

Path 0, Net flow: 3.807722 ions/ms
0 000000
8 001000
16 010000
20 010100
50 110010
54 110110
38 100110
34 100010
1 000001

Path 1, Net flow: 3.168943 ions/ms
16 010000
24 011000
28 011100
58 111010
42 101010
50 110010
17 010001

Path 2, Net flow: 1.353761 ions/ms
0 000000
8 001000
16 010000
20 010100
50 110010
34 100010
1 000001

Path 3, Net flow: 0.982659 ions/ms
16 010000
24 011000
28 011100
58 111010
62 111110
46 101110
54 110110
50 110010
17 010001

Path 4, Net flow: 0.830565 ions/ms
0 000000
8 001000
12 001100
20 010100
50 110010
54 110110
38 100110
34 100010
1 000001

Path 5, Net flow: 0.310892 ions/ms
0 000000
4 000100
12 001100
8 001000
16 010000
20 010100
50 110010
54 110110
38 100110
34 100010
1 000001

Path 6, Net flow: 0.114230 ions/ms
0 000000
4 000100
12 001100
8 001000
16 010000
20 010100
50 110010
34 100010
1 000001

Path 7, Net flow: 0.040122 ions/ms
0 000000
4 000100
12 001100
20 010100
50 110010
54 110110
38 100110
34 100010
1 000001

(Cl,H) stoichiometry: (1, 1)

(Cl,H) stoichiometry: (-1, 0)

Path 0, Net flow: 12.542234 ions/ms
8 001000
9 001001
42 101010
50 110010
20 010100
16 010000

Path 1, Net flow: 8.898835 ions/ms
16 010000
24 011000
25 011001
29 011101
62 111110
54 110110
50 110010
20 010100

Path 2, Net flow: 6.452376 ions/ms
16 010000
24 011000
25 011001
29 011101
62 111110
58 111010
50 110010
20 010100

Path 3, Net flow: 6.303656 ions/ms
8 001000
9 001001
42 101010
50 110010
20 010100
12 001100

Path 4, Net flow: 2.612824 ions/ms
0 000000
1 000001
34 100010
42 101010
50 110010
20 010100
16 010000
8 001000

Path 5, Net flow: 1.439258 ions/ms
16 010000
17 010001
21 010101
54 110110
50 110010
20 010100
28 011100
24 011000

Path 6, Net flow: 1.435679 ions/ms
8 001000
9 001001
42 101010
50 110010
54 110110
62 111110
58 111010
28 011100
24 011000
16 010000

Path 7, Net flow: 1.180998 ions/ms
0 000000
1 000001
34 100010
42 101010
50 110010
20 010100
12 001100
8 001000

Path 8, Net flow: 0.725990 ions/ms
8 001000
9 001001
42 101010
46 101110
54 110110
50 110010
20 010100
16 010000

Path 9, Net flow: 0.339536 ions/ms
0 000000
4 000100
5 000101
1 000001
34 100010
42 101010
50 110010
20 010100
12 001100
8 001000

Path 10, Net flow: 0.322040 ions/ms
16 010000
24 011000
25 011001
29 011101
62 111110
58 111010
28 011100
20 010100

Path 11, Net flow: 0.299205 ions/ms
20 010100
28 011100
24 011000
25 011001
29 011101
62 111110
58 111010
50 110010

Path 12, Net flow: 0.290340 ions/ms
0 000000
1 000001
34 100010
42 101010
50 110010
20 010100
12 001100
4 000100

Path 13, Net flow: 0.279966 ions/ms
0 000000
4 000100
5 000101
38 100110
34 100010
42 101010
50 110010
20 010100
12 001100
8 001000

Path 14, Net flow: 0.247953 ions/ms
16 010000
24 011000
25 011001
17 010001
21 010101
54 110110
50 110010
20 010100

Path 15, Net flow: 0.193906 ions/ms
0 000000
1 000001
34 100010
42 101010
50 110010
20 010100
16 010000
8 001000
12 001100
4 000100

Path 16, Net flow: 0.162933 ions/ms
16 010000
24 011000
25 011001
29 011101
21 010101
54 110110
50 110010
20 010100

Path 17, Net flow: 0.121392 ions/ms
0 000000
1 000001
34 100010
38 100110
46 101110
54 110110
50 110010
20 010100
16 010000
8 001000

Path 18, Net flow: 0.111569 ions/ms
16 010000
24 011000
28 011100
29 011101
21 010101
54 110110
50 110010
20 010100

Path 19, Net flow: 0.094345 ions/ms
8 001000
9 001001
42 101010
46 101110
54 110110
50 110010
20 010100
12 001100

Path 20, Net flow: 0.093679 ions/ms
0 000000
4 000100
5 000101
1 000001
34 100010
38 100110
46 101110
54 110110
50 110010
20 010100
16 010000
8 001000

Path 21, Net flow: 0.090525 ions/ms
8 001000
12 001100
13 001101
46 101110
54 110110
50 110010
20 010100
16 010000

Path 22, Net flow: 0.075887 ions/ms
8 001000
9 001001
42 101010
50 110010
54 110110
62 111110
58 111010
28 011100
20 010100
12 001100

Path 23, Net flow: 0.075449 ions/ms
0 000000
1 000001
34 100010
38 100110
54 110110
50 110010
20 010100
16 010000
48 110000
32 100000

Path 24, Net flow: 0.075304 ions/ms
20 010100
28 011100
24 011000
25 011001
29 011101
62 111110
54 110110
50 110010

Path 25, Net flow: 0.072752 ions/ms
8 001000
9 001001
42 101010
50 110010
58 111010
28 011100
20 010100
12 001100

Path 26, Net flow: 0.072633 ions/ms
0 000000
1 000001
34 100010
50 110010
20 010100
16 010000
48 110000
32 100000

Path 27, Net flow: 0.068547 ions/ms
20 010100
21 010101
29 011101
62 111110
58 111010
28 011100

Path 28, Net flow: 0.062070 ions/ms
20 010100
21 010101
29 011101
62 111110
58 111010
50 110010

Path 29, Net flow: 0.040406 ions/ms
8 001000
12 001100
13 001101
9 001001
42 101010
50 110010
20 010100
16 010000

Path 30, Net flow: 0.036155 ions/ms
0 000000
1 000001
34 100010
38 100110
54 110110
50 110010
20 010100
16 010000
24 011000
56 111000
40 101000
8 001000

Path 31, Net flow: 0.036001 ions/ms
16 010000
17 010001
21 010101
54 110110
50 110010
58 111010
28 011100
20 010100

Path 32, Net flow: 0.034842 ions/ms
16 010000
17 010001
21 010101
54 110110
62 111110
58 111010
28 011100
20 010100

Path 33, Net flow: 0.017326 ions/ms
8 001000
9 001001
42 101010
50 110010
54 110110
62 111110
58 111010
28 011100
20 010100
16 010000

(Cl,H) stoichiometry: (-1, 1)

Path 0, Net flow: 0.026487 ions/ms
0 000000
1 000001
34 100010
50 110010
20 010100
12 001100
4 000100

Path 1, Net flow: 0.017786 ions/ms
0 000000
4 000100
5 000101
1 000001
34 100010
50 110010
20 010100
12 001100
8 001000

(Cl,H) stoichiometry: (-1, -1)

Path 0, Net flow: 9.741826 ions/ms
0 000000
8 001000
9 001001
42 101010
50 110010
20 010100
16 010000
48 110000
32 100000

Path 1, Net flow: 3.833381 ions/ms
8 001000
9 001001
42 101010
50 110010
20 010100
16 010000
24 011000
56 111000
40 101000

Path 2, Net flow: 2.634666 ions/ms
0 000000
1 000001
34 100010
42 101010
50 110010
20 010100
16 010000
48 110000
32 100000

Path 3, Net flow: 0.840357 ions/ms
0 000000
4 000100
12 001100
8 001000
9 001001
42 101010
50 110010
20 010100
16 010000
48 110000
32 100000

Path 4, Net flow: 0.715828 ions/ms
0 000000
1 000001
34 100010
42 101010
50 110010
20 010100
16 010000
24 011000
56 111000
40 101000
8 001000

Path 5, Net flow: 0.560513 ions/ms
0 000000
8 001000
9 001001
42 101010
46 101110
54 110110
50 110010
20 010100
16 010000
48 110000
32 100000

Path 6, Net flow: 0.200514 ions/ms
0 000000
4 000100
5 000101
1 000001
34 100010
42 101010
50 110010
20 010100
16 010000
48 110000
32 100000

Path 7, Net flow: 0.122737 ions/ms
0 000000
1 000001
9 001001
42 101010
50 110010
20 010100
16 010000
48 110000
32 100000

Path 8, Net flow: 0.121656 ions/ms
0 000000
1 000001
34 100010
38 100110
46 101110
54 110110
50 110010
20 010100
16 010000
48 110000
32 100000

Path 9, Net flow: 0.091267 ions/ms
0 000000
8 001000
12 001100
13 001101
46 101110
54 110110
50 110010
20 010100
16 010000
48 110000
32 100000

Path 10, Net flow: 0.035100 ions/ms
8 001000
9 001001
42 101010
50 110010
58 111010
28 011100
24 011000
56 111000
40 101000

(Cl,H) stoichiometry: (0, 1)

Path 0, Net flow: 1.536577 ions/ms
0 000000
1 000001
34 100010
38 100110
54 110110
50 110010
17 010001
16 010000
8 001000

Path 1, Net flow: 1.462425 ions/ms
0 000000
1 000001
34 100010
50 110010
17 010001
16 010000
8 001000

Path 2, Net flow: 0.699729 ions/ms
0 000000
1 000001
34 100010
38 100110
54 110110
50 110010
17 010001
16 010000
20 010100
12 001100
8 001000

Path 3, Net flow: 0.075282 ions/ms
0 000000
1 000001
34 100010
38 100110
54 110110
21 010101
20 010100
12 001100
8 001000

Path 4, Net flow: 0.032291 ions/ms
0 000000
1 000001
34 100010
38 100110
54 110110
21 010101
20 010100
12 001100
4 000100

(Cl,H) stoichiometry: (0, -1)

Path 0, Net flow: 193.005402 ions/ms
0 000000
8 001000
16 010000
48 110000
32 100000

Path 1, Net flow: 148.088209 ions/ms
0 000000
8 001000
9 001001
42 101010
50 110010
17 010001
16 010000
48 110000
32 100000

Path 2, Net flow: 68.259754 ions/ms
8 001000
16 010000
24 011000
56 111000
40 101000

Path 3, Net flow: 58.254814 ions/ms
8 001000
9 001001
42 101010
50 110010
17 010001
16 010000
24 011000
56 111000
40 101000

Path 4, Net flow: 48.784725 ions/ms
0 000000
8 001000
9 001001
42 101010
50 110010
17 010001
21 010101
20 010100
16 010000
48 110000
32 100000

Path 5, Net flow: 45.310933 ions/ms
0 000000
8 001000
12 001100
20 010100
16 010000
48 110000
32 100000

Path 6, Net flow: 41.480767 ions/ms
0 000000
1 000001
34 100010
42 101010
50 110010
17 010001
16 010000
48 110000
32 100000

Path 7, Net flow: 19.196395 ions/ms
8 001000
9 001001
42 101010
50 110010
17 010001
21 010101
20 010100
16 010000
24 011000
56 111000
40 101000

Path 8, Net flow: 16.343980 ions/ms
0 000000
4 000100
12 001100
8 001000
9 001001
42 101010
50 110010
17 010001
16 010000
48 110000
32 100000

Path 9, Net flow: 16.027187 ions/ms
8 001000
12 001100
20 010100
16 010000
24 011000
56 111000
40 101000

Path 10, Net flow: 15.468845 ions/ms
0 000000
4 000100
12 001100
8 001000
16 010000
48 110000
32 100000

Path 11, Net flow: 15.021696 ions/ms
0 000000
1 000001
34 100010
42 101010
50 110010
17 010001
16 010000
24 011000
56 111000
40 101000
8 001000

Path 12, Net flow: 14.424441 ions/ms
0 000000
1 000001
34 100010
42 101010
50 110010
17 010001
21 010101
20 010100
16 010000
48 110000
32 100000

Path 13, Net flow: 11.801574 ions/ms
0 000000
8 001000
9 001001
42 101010
46 101110
54 110110
50 110010
17 010001
16 010000
48 110000
32 100000

Path 14, Net flow: 4.144587 ions/ms
0 000000
4 000100
5 000101
1 000001
34 100010
42 101010
50 110010
17 010001
16 010000
48 110000
32 100000

Path 15, Net flow: 3.739991 ions/ms
0 000000
4 000100
12 001100
20 010100
16 010000
48 110000
32 100000

Path 16, Net flow: 3.156934 ions/ms
0 000000
8 001000
9 001001
42 101010
50 110010
54 110110
21 010101
20 010100
16 010000
48 110000
32 100000

Path 17, Net flow: 2.653240 ions/ms
0 000000
8 001000
9 001001
42 101010
50 110010
58 111010
25 011001
24 011000
16 010000
48 110000
32 100000

Path 18, Net flow: 2.628821 ions/ms
0 000000
8 001000
9 001001
42 101010
50 110010
54 110110
62 111110
58 111010
25 011001
24 011000
16 010000
48 110000
32 100000

Path 19, Net flow: 2.559939 ions/ms
0 000000
1 000001
34 100010
38 100110
46 101110
54 110110
50 110010
17 010001
16 010000
48 110000
32 100000

Path 20, Net flow: 2.466844 ions/ms
0 000000
1 000001
9 001001
42 101010
50 110010
17 010001
16 010000
48 110000
32 100000

Path 21, Net flow: 2.279084 ions/ms
34 100010
42 101010
50 110010
54 110110
38 100110

Path 22, Net flow: 1.921539 ions/ms
0 000000
8 001000
12 001100
13 001101
46 101110
54 110110
50 110010
17 010001
16 010000
48 110000
32 100000

Path 23, Net flow: 1.317799 ions/ms
0 000000
8 001000
16 010000
20 010100
52 110100
48 110000
32 100000

Path 24, Net flow: 1.189868 ions/ms
8 001000
16 010000
20 010100
28 011100
24 011000
56 111000
40 101000

Path 25, Net flow: 1.120546 ions/ms
34 100010
42 101010
50 110010

Path 26, Net flow: 0.737119 ions/ms
8 001000
9 001001
42 101010
50 110010
58 111010
25 011001
24 011000
56 111000
40 101000

Path 27, Net flow: 0.481463 ions/ms
46 101110
54 110110
62 111110

Path 28, Net flow: 0.450610 ions/ms
8 001000
16 010000
24 011000
28 011100
60 111100
56 111000
40 101000

Path 29, Net flow: 0.378501 ions/ms
8 001000
16 010000
48 110000
56 111000
40 101000

Path 30, Net flow: 0.345384 ions/ms
0 000000
8 001000
16 010000
24 011000
56 111000
48 110000
32 100000

Path 31, Net flow: 0.323464 ions/ms
0 000000
8 001000
9 001001
42 101010
50 110010
54 110110
21 010101
17 010001
16 010000
48 110000
32 100000

Path 32, Net flow: 0.309375 ions/ms
0 000000
8 001000
12 001100
20 010100
52 110100
48 110000
32 100000

Path 33, Net flow: 0.279401 ions/ms
8 001000
12 001100
20 010100
28 011100
24 011000
56 111000
40 101000

Path 34, Net flow: 0.177415 ions/ms
38 100110
46 101110
54 110110

Path 35, Net flow: 0.176295 ions/ms
42 101010
50 110010
58 111010

Path 36, Net flow: 0.154529 ions/ms
16 010000
24 011000
28 011100
58 111010
42 101010
50 110010
20 010100

Path 37, Net flow: 0.141184 ions/ms
0 000000
8 001000
16 010000
17 010001
21 010101
54 110110
38 100110
34 100010
1 000001

Path 38, Net flow: 0.105797 ions/ms
8 001000
12 001100
20 010100
16 010000
24 011000
28 011100
60 111100
56 111000
40 101000

Path 39, Net flow: 0.105499 ions/ms
0 000000
4 000100
12 001100
8 001000
16 010000
20 010100
52 110100
48 110000
32 100000

Path 40, Net flow: 0.087979 ions/ms
8 001000
12 001100
20 010100
16 010000
48 110000
56 111000
40 101000

Path 41, Net flow: 0.084728 ions/ms
17 010001
21 010101
54 110110
38 100110
34 100010
42 101010
50 110010

Path 42, Net flow: 0.080881 ions/ms
0 000000
8 001000
12 001100
20 010100
16 010000
24 011000
56 111000
48 110000
32 100000

Path 43, Net flow: 0.073378 ions/ms
0 000000
8 001000
16 010000
48 110000
32 100000
36 100100
4 000100

Path 44, Net flow: 0.067476 ions/ms
8 001000
9 001001
42 101010
50 110010
17 010001
25 011001
24 011000
56 111000
40 101000

Path 45, Net flow: 0.049705 ions/ms
42 101010
50 110010
54 110110
62 111110
58 111010

Path 46, Net flow: 0.041852 ions/ms
16 010000
24 011000
28 011100
58 111010
62 111110
46 101110
54 110110
50 110010
20 010100

Path 47, Net flow: 0.033114 ions/ms
0 000000
8 001000
12 001100
20 010100
16 010000
17 010001
21 010101
54 110110
38 100110
34 100010
1 000001

Path 48, Net flow: 0.029875 ions/ms
0 000000
4 000100
12 001100
20 010100
16 010000
24 011000
56 111000
40 101000
8 001000

Path 49, Net flow: 0.027656 ions/ms
0 000000
4 000100
12 001100
8 001000
16 010000
24 011000
56 111000
48 110000
32 100000

Path 50, Net flow: 0.025575 ions/ms
0 000000
4 000100
12 001100
20 010100
52 110100
48 110000
32 100000

Path 51, Net flow: 0.022655 ions/ms
8 001000
16 010000
20 010100
52 110100
60 111100
56 111000
40 101000

Path 52, Net flow: 0.022194 ions/ms
0 000000
1 000001
9 001001
8 001000
16 010000
48 110000
32 100000

Path 53, Net flow: 0.017658 ions/ms
0 000000
8 001000
9 001001
17 010001
16 010000
48 110000
32 100000

Path 54, Net flow: 0.017224 ions/ms
0 000000
8 001000
12 001100
20 010100
16 010000
48 110000
32 100000
36 100100
4 000100

Path 55, Net flow: 0.016513 ions/ms
46 101110
54 110110
50 110010
58 111010
62 111110

Path 56, Net flow: 0.012237 ions/ms
0 000000
4 000100
12 001100
8 001000
16 010000
17 010001
21 010101
54 110110
38 100110
34 100010
1 000001

(Cl,H) stoichiometry: (0, 0)

Path 0, Net flow: 140098203.900629 ions/ms
16 010000
20 010100

Path 1, Net flow: 45513775.311769 ions/ms
24 011000
28 011100

Path 2, Net flow: 22718537.700586 ions/ms
16 010000
24 011000

Path 3, Net flow: 2115007.340576 ions/ms
0 000000
4 000100

Path 4, Net flow: 1208606.186100 ions/ms
16 010000
48 110000

Path 5, Net flow: 673601.220523 ions/ms
8 001000
12 001100

Path 6, Net flow: 626150.595726 ions/ms
50 110010
54 110110

Path 7, Net flow: 393047.880748 ions/ms
24 011000
56 111000

Path 8, Net flow: 178576.004120 ions/ms
58 111010
62 111110

Path 9, Net flow: 98843.798689 ions/ms
16 010000
17 010001

Path 10, Net flow: 32325.408707 ions/ms
34 100010
38 100110

Path 11, Net flow: 31755.246852 ions/ms
24 011000
25 011001

Path 12, Net flow: 30651.613854 ions/ms
16 010000
17 010001
21 010101
20 010100

Path 13, Net flow: 19732.638111 ions/ms
20 010100
21 010101

Path 14, Net flow: 15726.813106 ions/ms
0 000000
8 001000

Path 15, Net flow: 14800.722214 ions/ms
17 010001
21 010101
54 110110
50 110010

Path 16, Net flow: 13161.179747 ions/ms
17 010001
50 110010

Path 17, Net flow: 10806.225804 ions/ms
17 010001
21 010101

Path 18, Net flow: 9805.014234 ions/ms
24 011000
25 011001
29 011101
28 011100

Path 19, Net flow: 8069.620409 ions/ms
1 000001
34 100010

Path 20, Net flow: 6376.452207 ions/ms
28 011100
29 011101

Path 21, Net flow: 6045.215797 ions/ms
20 010100
52 110100

Path 22, Net flow: 5334.765925 ions/ms
20 010100
50 110010

Path 23, Net flow: 4215.337657 ions/ms
25 011001
29 011101
62 111110
58 111010

Path 24, Net flow: 3818.702167 ions/ms
25 011001
58 111010

Path 25, Net flow: 3362.694186 ions/ms
25 011001
29 011101

Path 26, Net flow: 3145.969088 ions/ms
0 000000
1 000001

Path 27, Net flow: 2619.566956 ions/ms
16 010000
20 010100
21 010101
54 110110
50 110010
17 010001

Path 28, Net flow: 2440.155117 ions/ms
20 010100
28 011100

Path 29, Net flow: 2434.595272 ions/ms
0 000000
32 100000

Path 30, Net flow: 2340.697234 ions/ms
48 110000
52 110100

Path 31, Net flow: 1966.327226 ions/ms
28 011100
60 111100

Path 32, Net flow: 1838.892373 ions/ms
21 010101
54 110110

Path 33, Net flow: 1533.787895 ions/ms
28 011100
58 111010

Path 34, Net flow: 776.651215 ions/ms
8 001000
40 101000

Path 35, Net flow: 764.066803 ions/ms
56 111000
60 111100

Path 36, Net flow: 734.203132 ions/ms
24 011000
28 011100
29 011101
62 111110
58 111010
25 011001

Path 37, Net flow: 544.487441 ions/ms
50 110010
51 110011

Path 38, Net flow: 533.151937 ions/ms
29 011101
62 111110

Path 39, Net flow: 351.089010 ions/ms
54 110110
55 110111

Path 40, Net flow: 335.949872 ions/ms
8 001000
9 001001

Path 41, Net flow: 246.478830 ions/ms
8 001000
16 010000

Path 42, Net flow: 194.917166 ions/ms
4 000100
36 100100

Path 43, Net flow: 190.646891 ions/ms
8 001000
9 001001
42 101010
50 110010
17 010001
16 010000

Path 44, Net flow: 180.668170 ions/ms
54 110110
62 111110

Path 45, Net flow: 171.733491 ions/ms
1 000001
5 000101

Path 46, Net flow: 161.516618 ions/ms
58 111010
59 111011

Path 47, Net flow: 135.221177 ions/ms
16 010000
24 011000
25 011001
29 011101
62 111110
54 110110
50 110010
17 010001

Path 48, Net flow: 114.863137 ions/ms
50 110010
58 111010

Path 49, Net flow: 105.074335 ions/ms
4 000100
12 001100

Path 50, Net flow: 100.450532 ions/ms
62 111110
63 111111

Path 51, Net flow: 98.053387 ions/ms
16 010000
24 011000
25 011001
29 011101
62 111110
58 111010
50 110010
17 010001

Path 52, Net flow: 95.665192 ions/ms
8 001000
9 001001
42 101010
50 110010
17 010001
16 010000
20 010100
12 001100

Path 53, Net flow: 90.859091 ions/ms
42 101010
46 101110

Path 54, Net flow: 87.963526 ions/ms
4 000100
5 000101

Path 55, Net flow: 85.060062 ions/ms
16 010000
24 011000
28 011100
29 011101
62 111110
54 110110
50 110010
17 010001

Path 56, Net flow: 73.566295 ions/ms
16 010000
24 011000
28 011100
58 111010
62 111110
54 110110
50 110010
20 010100

Path 57, Net flow: 67.713559 ions/ms
16 010000
24 011000
28 011100
58 111010
50 110010
20 010100

Path 58, Net flow: 64.030619 ions/ms
8 001000
16 010000
20 010100
12 001100

Path 59, Net flow: 62.793141 ions/ms
8 001000
9 001001
42 101010
50 110010
17 010001
21 010101
20 010100
16 010000

Path 60, Net flow: 62.288834 ions/ms
12 001100
44 101100

Path 61, Net flow: 61.768492 ions/ms
16 010000
24 011000
28 011100
29 011101
62 111110
58 111010
50 110010
17 010001

Path 62, Net flow: 59.076306 ions/ms
16 010000
24 011000
25 011001
58 111010
62 111110
54 110110
50 110010
17 010001

Path 63, Net flow: 57.576950 ions/ms
16 010000
24 011000
25 011001
58 111010
50 110010
17 010001

Path 64, Net flow: 55.388879 ions/ms
50 110010
51 110011
55 110111
54 110110

Path 65, Net flow: 52.389738 ions/ms
16 010000
17 010001
21 010101
54 110110
62 111110
58 111010
25 011001
24 011000

Path 66, Net flow: 44.403456 ions/ms
16 010000
24 011000
25 011001
29 011101
62 111110
54 110110
50 110010
17 010001
21 010101
20 010100

Path 67, Net flow: 40.847024 ions/ms
0 000000
1 000001
34 100010
42 101010
50 110010
17 010001
16 010000
8 001000

Path 68, Net flow: 40.317233 ions/ms
12 001100
13 001101

Path 69, Net flow: 39.958527 ions/ms
16 010000
24 011000
25 011001
29 011101
28 011100
20 010100

Path 70, Net flow: 39.938753 ions/ms
16 010000
17 010001
21 010101
20 010100
28 011100
24 011000

Path 71, Net flow: 39.367947 ions/ms
16 010000
17 010001
21 010101
54 110110
50 110010
58 111010
25 011001
24 011000

Path 72, Net flow: 38.808704 ions/ms
0 000000
1 000001
5 000101
4 000100

Path 73, Net flow: 34.084077 ions/ms
51 110011
55 110111

Path 74, Net flow: 33.125618 ions/ms
16 010000
24 011000
25 011001
58 111010
62 111110
54 110110
50 110010
17 010001
21 010101
20 010100

Path 75, Net flow: 32.265672 ions/ms
16 010000
24 011000
25 011001
29 011101
62 111110
58 111010
50 110010
17 010001
21 010101
20 010100

Path 76, Net flow: 31.568298 ions/ms
9 001001
13 001101

Path 77, Net flow: 31.535566 ions/ms
8 001000
9 001001
42 101010
50 110010
17 010001
21 010101
20 010100
12 001100

Path 78, Net flow: 31.502965 ions/ms
16 010000
20 010100
21 010101
54 110110
62 111110
58 111010
25 011001
24 011000

Path 79, Net flow: 31.160627 ions/ms
16 010000
24 011000
25 011001
58 111010
50 110010
17 010001
21 010101
20 010100

Path 80, Net flow: 28.918371 ions/ms
12 001100
20 010100

Path 81, Net flow: 27.951560 ions/ms
16 010000
24 011000
28 011100
29 011101
62 111110
54 110110
50 110010
17 010001
21 010101
20 010100

Path 82, Net flow: 27.732018 ions/ms
9 001001
42 101010

Path 83, Net flow: 27.217183 ions/ms
5 000101
38 100110

Path 84, Net flow: 25.931159 ions/ms
16 010000
17 010001
25 011001
29 011101
28 011100
24 011000

Path 85, Net flow: 25.205919 ions/ms
16 010000
20 010100
21 010101
54 110110
50 110010
58 111010
25 011001
24 011000

Path 86, Net flow: 23.398251 ions/ms
16 010000
24 011000
25 011001
17 010001
21 010101
20 010100

Path 87, Net flow: 20.317505 ions/ms
16 010000
24 011000
28 011100
29 011101
62 111110
58 111010
50 110010
17 010001
21 010101
20 010100

Path 88, Net flow: 18.264257 ions/ms
16 010000
17 010001
21 010101
51 110011
50 110010
20 010100

Path 89, Net flow: 18.076232 ions/ms
0 000000
1 000001
34 100010
42 101010
50 110010
17 010001
16 010000
20 010100
12 001100
8 001000

Path 90, Net flow: 17.449862 ions/ms
16 010000
17 010001
21 010101
29 011101
28 011100
24 011000

Path 91, Net flow: 17.251076 ions/ms
16 010000
17 010001
21 010101
54 110110
62 111110
58 111010
25 011001
29 011101
28 011100
24 011000

Path 92, Net flow: 15.285702 ions/ms
8 001000
9 001001
42 101010
46 101110
54 110110
50 110010
17 010001
16 010000

Path 93, Net flow: 13.183313 ions/ms
59 111011
63 111111

Path 94, Net flow: 12.180636 ions/ms
58 111010
59 111011
63 111111
62 111110

Path 95, Net flow: 12.175514 ions/ms
1 000001
34 100010
38 100110
5 000101

Path 96, Net flow: 11.950269 ions/ms
16 010000
17 010001
21 010101
54 110110
50 110010
58 111010
25 011001
29 011101
28 011100
24 011000

Path 97, Net flow: 11.711591 ions/ms
17 010001
49 110001

Path 98, Net flow: 10.629349 ions/ms
8 001000
12 001100
13 001101
9 001001

Path 99, Net flow: 10.580105 ions/ms
16 010000
24 011000
25 011001
29 011101
21 010101
20 010100

Path 100, Net flow: 10.106827 ions/ms
20 010100
21 010101
51 110011
50 110010

Path 101, Net flow: 9.522449 ions/ms
0 000000
1 000001
34 100010
42 101010
50 110010
17 010001
21 010101
20 010100
16 010000
8 001000

Path 102, Net flow: 8.694289 ions/ms
16 010000
20 010100
21 010101
54 110110
62 111110
58 111010
25 011001
29 011101
28 011100
24 011000

Path 103, Net flow: 8.555743 ions/ms
34 100010
35 100011

Path 104, Net flow: 7.506308 ions/ms
16 010000
17 010001
50 110010
58 111010
25 011001
29 011101
28 011100
24 011000

Path 105, Net flow: 7.203908 ions/ms
0 000000
1 000001
34 100010
42 101010
50 110010
17 010001
21 010101
20 010100
12 001100
8 001000

Path 106, Net flow: 6.931020 ions/ms
16 010000
17 010001
50 110010
54 110110
62 111110
58 111010
25 011001
29 011101
28 011100
24 011000

Path 107, Net flow: 6.383447 ions/ms
8 001000
9 001001
42 101010
50 110010
54 110110
21 010101
20 010100
16 010000

Path 108, Net flow: 5.747567 ions/ms
48 110000
49 110001

Path 109, Net flow: 5.593343 ions/ms
21 010101
51 110011

Path 110, Net flow: 5.523562 ions/ms
16 010000
20 010100
21 010101
54 110110
50 110010
58 111010
25 011001
29 011101
28 011100
24 011000

Path 111, Net flow: 5.286668 ions/ms
24 011000
25 011001
29 011101
59 111011
58 111010
28 011100

Path 112, Net flow: 5.265861 ions/ms
8 001000
9 001001
42 101010
50 110010
54 110110
21 010101
20 010100
12 001100

Path 113, Net flow: 5.243407 ions/ms
0 000000
1 000001
34 100010
38 100110
5 000101
4 000100

Path 114, Net flow: 4.891187 ions/ms
34 100010
42 101010

Path 115, Net flow: 4.770364 ions/ms
16 010000
48 110000
52 110100
20 010100
28 011100
24 011000

Path 116, Net flow: 4.708258 ions/ms
38 100110
39 100111

Path 117, Net flow: 4.118243 ions/ms
16 010000
20 010100
52 110100
48 110000
56 111000
24 011000

Path 118, Net flow: 4.082720 ions/ms
0 000000
1 000001
34 100010
42 101010
50 110010
17 010001
16 010000
8 001000
12 001100
4 000100

Path 119, Net flow: 3.647723 ions/ms
16 010000
20 010100
21 010101
29 011101
28 011100
24 011000

Path 120, Net flow: 3.625359 ions/ms
16 010000
24 011000
25 011001
29 011101
62 111110
54 110110
21 010101
20 010100

Path 121, Net flow: 3.595883 ions/ms
25 011001
57 111001

Path 122, Net flow: 3.551291 ions/ms
16 010000
24 011000
28 011100
20 010100
21 010101
54 110110
50 110010
17 010001

Path 123, Net flow: 3.362759 ions/ms
48 110000
56 111000

Path 124, Net flow: 3.273377 ions/ms
0 000000
1 000001
34 100010
42 101010
50 110010
17 010001
16 010000
20 010100
12 001100
4 000100

Path 125, Net flow: 3.194567 ions/ms
16 010000
20 010100
21 010101
54 110110
50 110010
17 010001
25 011001
24 011000

Path 126, Net flow: 3.088803 ions/ms
28 011100
29 011101
59 111011
58 111010

Path 127, Net flow: 3.050796 ions/ms
16 010000
24 011000
25 011001
29 011101
62 111110
58 111010
50 110010
54 110110
21 010101
20 010100

Path 128, Net flow: 3.013989 ions/ms
16 010000
17 010001
21 010101
51 110011
55 110111
54 110110
50 110010
20 010100

Path 129, Net flow: 2.996792 ions/ms
16 010000
24 011000
28 011100
60 111100
56 111000
48 110000

Path 130, Net flow: 2.810863 ions/ms
16 010000
24 011000
28 011100
29 011101
62 111110
58 111010
25 011001
17 010001

Path 131, Net flow: 2.552805 ions/ms
17 010001
21 010101
54 110110
62 111110
58 111010
50 110010

Path 132, Net flow: 2.500991 ions/ms
0 000000
1 000001
34 100010
38 100110
46 101110
54 110110
50 110010
17 010001
16 010000
8 001000

Path 133, Net flow: 2.477306 ions/ms
50 110010
54 110110
62 111110
58 111010

Path 134, Net flow: 2.393668 ions/ms
16 010000
24 011000
25 011001
29 011101
21 010101
54 110110
50 110010
17 010001

Path 135, Net flow: 2.375938 ions/ms
21 010101
53 110101

Path 136, Net flow: 2.317330 ions/ms
8 001000
9 001001
42 101010
50 110010
54 110110
62 111110
58 111010
25 011001
24 011000
16 010000
20 010100
12 001100

Path 137, Net flow: 2.291969 ions/ms
24 011000
56 111000
60 111100
28 011100

Path 138, Net flow: 2.213556 ions/ms
8 001000
9 001001
42 101010
46 101110
54 110110
50 110010
17 010001
16 010000
20 010100
12 001100

Path 139, Net flow: 2.161232 ions/ms
29 011101
59 111011

Path 140, Net flow: 2.141964 ions/ms
0 000000
1 000001
9 001001
8 001000

Path 141, Net flow: 2.049333 ions/ms
8 001000
9 001001
42 101010
50 110010
58 111010
25 011001
24 011000
16 010000

Path 142, Net flow: 1.969922 ions/ms
0 000000
4 000100
5 000101
1 000001
34 100010
38 100110
46 101110
54 110110
50 110010
17 010001
16 010000
8 001000

Path 143, Net flow: 1.929873 ions/ms
42 101010
50 110010

Path 144, Net flow: 1.898960 ions/ms
8 001000
12 001100
13 001101
46 101110
54 110110
50 110010
17 010001
16 010000

Path 145, Net flow: 1.891268 ions/ms
16 010000
24 011000
28 011100
20 010100

Path 146, Net flow: 1.872106 ions/ms
56 111000
57 111001

Path 147, Net flow: 1.846560 ions/ms
20 010100
21 010101
51 110011
55 110111
54 110110
50 110010

Path 148, Net flow: 1.840766 ions/ms
16 010000
24 011000
28 011100
60 111100
52 110100
48 110000

Path 149, Net flow: 1.750149 ions/ms
16 010000
20 010100
28 011100
29 011101
62 111110
58 111010
25 011001
24 011000

Path 150, Net flow: 1.682564 ions/ms
25 011001
29 011101
62 111110
54 110110
50 110010
58 111010

Path 151, Net flow: 1.641567 ions/ms
16 010000
24 011000
28 011100
29 011101
21 010101
54 110110
50 110010
17 010001

Path 152, Net flow: 1.639217 ions/ms
16 010000
24 011000
28 011100
58 111010
25 011001
29 011101
62 111110
54 110110
50 110010
20 010100

Path 153, Net flow: 1.559512 ions/ms
8 001000
9 001001
42 101010
50 110010
54 110110
62 111110
58 111010
25 011001
24 011000
16 010000

Path 154, Net flow: 1.539295 ions/ms
16 010000
20 010100
28 011100
24 011000
25 011001
29 011101
62 111110
54 110110
50 110010
17 010001

Path 155, Net flow: 1.510031 ions/ms
0 000000
1 000001
34 100010
50 110010
17 010001
16 010000
48 110000
32 100000

Path 156, Net flow: 1.477560 ions/ms
17 010001
25 011001
29 011101
62 111110
54 110110
50 110010

Path 157, Net flow: 1.475913 ions/ms
17 010001
25 011001

Path 158, Net flow: 1.355339 ions/ms
16 010000
20 010100
28 011100
29 011101
62 111110
54 110110
50 110010
17 010001

Path 159, Net flow: 1.345320 ions/ms
0 000000
1 000001
34 100010
38 100110
54 110110
50 110010
17 010001
16 010000
48 110000
32 100000

Path 160, Net flow: 1.308786 ions/ms
0 000000
8 001000
9 001001
42 101010
34 100010
1 000001

Path 161, Net flow: 1.204234 ions/ms
8 001000
12 001100
13 001101
9 001001
42 101010
50 110010
17 010001
16 010000

Path 162, Net flow: 1.164034 ions/ms
16 010000
24 011000
25 011001
29 011101
21 010101
17 010001

Path 163, Net flow: 1.136520 ions/ms
16 010000
24 011000
56 111000
60 111100
28 011100
20 010100

Path 164, Net flow: 1.088592 ions/ms
52 110100
53 110101

Path 165, Net flow: 0.986417 ions/ms
0 000000
1 000001
34 100010
42 101010
50 110010
54 110110
21 010101
20 010100
12 001100
8 001000

Path 166, Net flow: 0.983342 ions/ms
20 010100
28 011100
58 111010
62 111110
54 110110
50 110010

Path 167, Net flow: 0.876854 ions/ms
46 101110
54 110110

Path 168, Net flow: 0.853710 ions/ms
16 010000
20 010100
52 110100
60 111100
28 011100
24 011000

Path 169, Net flow: 0.839558 ions/ms
17 010001
25 011001
29 011101
62 111110
58 111010
50 110010

Path 170, Net flow: 0.836192 ions/ms
8 001000
9 001001
42 101010
50 110010
58 111010
25 011001
24 011000
16 010000
20 010100
12 001100

Path 171, Net flow: 0.835552 ions/ms
24 011000
25 011001
29 011101
59 111011
63 111111
62 111110
58 111010
28 011100

Path 172, Net flow: 0.774624 ions/ms
0 000000
8 001000
12 001100
4 000100

Path 173, Net flow: 0.760977 ions/ms
16 010000
20 010100
28 011100
24 011000
25 011001
29 011101
62 111110
58 111010
50 110010
17 010001

Path 174, Net flow: 0.759302 ions/ms
0 000000
1 000001
34 100010
38 100110
54 110110
50 110010
17 010001
16 010000
24 011000
56 111000
40 101000
8 001000

Path 175, Net flow: 0.756570 ions/ms
16 010000
20 010100
28 011100
29 011101
62 111110
58 111010
50 110010
17 010001

Path 176, Net flow: 0.735215 ions/ms
29 011101
61 111101

Path 177, Net flow: 0.725243 ions/ms
1 000001
33 100001

Path 178, Net flow: 0.653866 ions/ms
8 001000
9 001001
42 101010
50 110010
54 110110
21 010101
17 010001
16 010000

Path 179, Net flow: 0.601464 ions/ms
20 010100
28 011100
58 111010
50 110010

Path 180, Net flow: 0.581423 ions/ms
21 010101
29 011101
62 111110
54 110110

Path 181, Net flow: 0.557668 ions/ms
51 110011
59 111011

Path 182, Net flow: 0.524191 ions/ms
16 010000
20 010100
52 110100
48 110000

Path 183, Net flow: 0.506205 ions/ms
17 010001
21 010101
29 011101
62 111110
58 111010
50 110010

Path 184, Net flow: 0.499743 ions/ms
28 011100
29 011101
59 111011
63 111111
62 111110
58 111010

Path 185, Net flow: 0.487104 ions/ms
38 100110
46 101110

Path 186, Net flow: 0.459877 ions/ms
16 010000
20 010100
28 011100
24 011000
25 011001
58 111010
50 110010
17 010001

Path 187, Net flow: 0.441081 ions/ms
16 010000
17 010001
25 011001
24 011000

Path 188, Net flow: 0.435794 ions/ms
16 010000
20 010100
28 011100
24 011000
25 011001
58 111010
62 111110
54 110110
50 110010
17 010001

Path 189, Net flow: 0.422063 ions/ms
16 010000
17 010001
21 010101
54 110110
62 111110
58 111010
25 011001
24 011000
28 011100
20 010100

Path 190, Net flow: 0.421727 ions/ms
32 100000
36 100100

Path 191, Net flow: 0.411332 ions/ms
16 010000
24 011000
25 011001
29 011101
59 111011
58 111010
62 111110
54 110110
50 110010
20 010100

Path 192, Net flow: 0.406783 ions/ms
16 010000
24 011000
25 011001
29 011101
62 111110
54 110110
21 010101
17 010001

Path 193, Net flow: 0.394057 ions/ms
0 000000
4 000100
36 100100
32 100000

Path 194, Net flow: 0.376316 ions/ms
17 010001
21 010101
29 011101
62 111110
54 110110
50 110010

Path 195, Net flow: 0.376091 ions/ms
16 010000
24 011000
25 011001
29 011101
59 111011
58 111010
50 110010
20 010100

Path 196, Net flow: 0.363146 ions/ms
17 010001
21 010101
54 110110
62 111110
58 111010
25 011001

Path 197, Net flow: 0.362903 ions/ms
16 010000
48 110000
56 111000
24 011000

Path 198, Net flow: 0.353273 ions/ms
60 111100
61 111101

Path 199, Net flow: 0.342969 ions/ms
8 001000
16 010000
24 011000
28 011100
20 010100
12 001100

Path 200, Net flow: 0.332432 ions/ms
21 010101
29 011101

Path 201, Net flow: 0.325151 ions/ms
16 010000
17 010001
25 011001
29 011101
28 011100
20 010100

Path 202, Net flow: 0.314323 ions/ms
16 010000
17 010001
21 010101
54 110110
50 110010
58 111010
25 011001
24 011000
28 011100
20 010100

Path 203, Net flow: 0.312353 ions/ms
16 010000
24 011000
25 011001
29 011101
62 111110
58 111010
50 110010
54 110110
21 010101
17 010001

Path 204, Net flow: 0.302707 ions/ms
34 100010
38 100110
46 101110
42 101010

Path 205, Net flow: 0.296075 ions/ms
0 000000
1 000001
34 100010
38 100110
46 101110
54 110110
50 110010
17 010001
16 010000
20 010100
12 001100
8 001000

Path 206, Net flow: 0.278268 ions/ms
40 101000
44 101100

Path 207, Net flow: 0.275304 ions/ms
1 000001
9 001001

Path 208, Net flow: 0.260335 ions/ms
16 010000
24 011000
28 011100
29 011101
59 111011
58 111010
62 111110
54 110110
50 110010
20 010100

Path 209, Net flow: 0.255510 ions/ms
17 010001
21 010101
54 110110
50 110010
58 111010
25 011001

Path 210, Net flow: 0.238019 ions/ms
16 010000
24 011000
28 011100
29 011101
59 111011
58 111010
50 110010
20 010100

Path 211, Net flow: 0.219551 ions/ms
16 010000
17 010001
21 010101
29 011101
28 011100
20 010100

Path 212, Net flow: 0.217490 ions/ms
17 010001
25 011001
58 111010
50 110010

Path 213, Net flow: 0.212935 ions/ms
16 010000
20 010100
28 011100
24 011000
25 011001
17 010001

Path 214, Net flow: 0.208447 ions/ms
16 010000
17 010001
21 010101
54 110110
62 111110
58 111010
25 011001
29 011101
28 011100
20 010100

Path 215, Net flow: 0.208248 ions/ms
13 001101
46 101110

Path 216, Net flow: 0.204356 ions/ms
38 100110
54 110110

Path 217, Net flow: 0.202702 ions/ms
20 010100
21 010101
54 110110
50 110010
58 111010
25 011001
24 011000
28 011100

Path 218, Net flow: 0.202358 ions/ms
20 010100
21 010101
54 110110
62 111110
58 111010
25 011001
24 011000
28 011100

Path 219, Net flow: 0.190372 ions/ms
16 010000
20 010100
52 110100
60 111100
56 111000
24 011000

Path 220, Net flow: 0.178351 ions/ms
21 010101
54 110110
62 111110
58 111010
25 011001
29 011101

Path 221, Net flow: 0.178197 ions/ms
16 010000
24 011000
28 011100
58 111010
25 011001
17 010001
21 010101
54 110110
50 110010
20 010100

Path 222, Net flow: 0.173673 ions/ms
5 000101
13 001101

Path 223, Net flow: 0.152120 ions/ms
17 010001
25 011001
29 011101
62 111110
58 111010
28 011100
20 010100
50 110010

Path 224, Net flow: 0.148511 ions/ms
20 010100
28 011100
24 011000
25 011001
29 011101
21 010101

Path 225, Net flow: 0.144337 ions/ms
16 010000
17 010001
21 010101
54 110110
50 110010
58 111010
25 011001
29 011101
28 011100
20 010100

Path 226, Net flow: 0.142689 ions/ms
17 010001
21 010101
54 110110
62 111110
58 111010
28 011100
20 010100
50 110010

Path 227, Net flow: 0.139707 ions/ms
20 010100
21 010101
54 110110
62 111110
58 111010
25 011001
29 011101
28 011100

Path 228, Net flow: 0.125948 ions/ms
16 010000
17 010001
50 110010
58 111010
25 011001
29 011101
28 011100
20 010100

Path 229, Net flow: 0.124388 ions/ms
0 000000
8 001000
16 010000
20 010100
12 001100
4 000100

Path 230, Net flow: 0.120410 ions/ms
20 010100
21 010101
51 110011
50 110010
54 110110
62 111110
58 111010
28 011100

Path 231, Net flow: 0.119636 ions/ms
16 010000
17 010001
50 110010
54 110110
62 111110
58 111010
25 011001
29 011101
28 011100
20 010100

Path 232, Net flow: 0.118622 ions/ms
50 110010
51 110011
59 111011
58 111010

Path 233, Net flow: 0.116953 ions/ms
20 010100
21 010101
54 110110
50 110010
58 111010
25 011001
29 011101
28 011100

Path 234, Net flow: 0.114816 ions/ms
21 010101
54 110110
50 110010
58 111010
25 011001
29 011101

Path 235, Net flow: 0.112834 ions/ms
20 010100
21 010101
51 110011
50 110010
58 111010
28 011100

Path 236, Net flow: 0.104481 ions/ms
52 110100
60 111100

Path 237, Net flow: 0.102620 ions/ms
17 010001
50 110010
54 110110
62 111110
58 111010
25 011001

Path 238, Net flow: 0.097512 ions/ms
8 001000
9 001001
42 101010
46 101110
54 110110
21 010101
20 010100
12 001100

Path 239, Net flow: 0.095608 ions/ms
0 000000
1 000001
34 100010
42 101010
50 110010
54 110110
21 010101
20 010100
12 001100
4 000100

Path 240, Net flow: 0.090964 ions/ms
17 010001
21 010101
29 011101
62 111110
58 111010
28 011100
20 010100
50 110010

Path 241, Net flow: 0.087576 ions/ms
0 000000
1 000001
9 001001
8 001000
12 001100
4 000100

Path 242, Net flow: 0.086589 ions/ms
9 001001
42 101010
46 101110
13 001101

Path 243, Net flow: 0.085408 ions/ms
16 010000
20 010100
21 010101
54 110110
62 111110
58 111010
25 011001
17 010001

Path 244, Net flow: 0.079581 ions/ms
8 001000
12 001100
44 101100
40 101000

Path 245, Net flow: 0.078012 ions/ms
20 010100
28 011100
24 011000
25 011001
29 011101
62 111110
54 110110
21 010101

Path 246, Net flow: 0.078000 ions/ms
20 010100
28 011100
29 011101
62 111110
54 110110
21 010101

Path 247, Net flow: 0.075371 ions/ms
16 010000
24 011000
28 011100
58 111010
25 011001
29 011101
21 010101
54 110110
50 110010
20 010100

Path 248, Net flow: 0.075267 ions/ms
48 110000
52 110100
60 111100
56 111000

Path 249, Net flow: 0.073140 ions/ms
16 010000
24 011000
25 011001
29 011101
59 111011
63 111111
62 111110
54 110110
50 110010
20 010100

Path 250, Net flow: 0.072972 ions/ms
34 100010
50 110010

Path 251, Net flow: 0.070862 ions/ms
9 001001
41 101001

Path 252, Net flow: 0.070859 ions/ms
16 010000
24 011000
28 011100
29 011101
59 111011
63 111111
62 111110
54 110110
50 110010
20 010100

Path 253, Net flow: 0.068234 ions/ms
0 000000
4 000100
5 000101
1 000001
9 001001
8 001000

Path 254, Net flow: 0.067413 ions/ms
17 010001
25 011001
24 011000
28 011100
29 011101
62 111110
54 110110
50 110010

Path 255, Net flow: 0.062542 ions/ms
34 100010
50 110010
54 110110
38 100110

Path 256, Net flow: 0.061493 ions/ms
8 001000
16 010000
17 010001
21 010101
20 010100
12 001100

Path 257, Net flow: 0.059669 ions/ms
20 010100
52 110100
60 111100
28 011100

Path 258, Net flow: 0.058823 ions/ms
16 010000
20 010100
21 010101
54 110110
50 110010
58 111010
25 011001
17 010001

Path 259, Net flow: 0.058546 ions/ms
55 110111
63 111111

Path 260, Net flow: 0.058112 ions/ms
17 010001
21 010101
20 010100
28 011100
24 011000
25 011001
29 011101
62 111110
54 110110
50 110010

Path 261, Net flow: 0.051575 ions/ms
20 010100
28 011100
29 011101
59 111011
58 111010
50 110010

Path 262, Net flow: 0.046605 ions/ms
17 010001
25 011001
24 011000
28 011100
29 011101
62 111110
58 111010
50 110010

Path 263, Net flow: 0.043363 ions/ms
1 000001
9 001001
42 101010
34 100010

Path 264, Net flow: 0.043326 ions/ms
17 010001
21 010101
20 010100
28 011100
24 011000
25 011001
58 111010
62 111110
54 110110
50 110010

Path 265, Net flow: 0.042169 ions/ms
17 010001
21 010101
20 010100
28 011100
24 011000
25 011001
29 011101
62 111110
58 111010
50 110010

Path 266, Net flow: 0.041005 ions/ms
17 010001
21 010101
29 011101
62 111110
58 111010
25 011001

Path 267, Net flow: 0.040775 ions/ms
17 010001
21 010101
20 010100
28 011100
24 011000
25 011001
58 111010
50 110010

Path 268, Net flow: 0.038919 ions/ms
0 000000
1 000001
5 000101
4 000100
12 001100
8 001000

Path 269, Net flow: 0.036765 ions/ms
17 010001
21 010101
20 010100
28 011100
29 011101
62 111110
54 110110
50 110010

Path 270, Net flow: 0.036550 ions/ms
16 010000
24 011000
25 011001
29 011101
59 111011
63 111111
62 111110
58 111010
50 110010
20 010100

Path 271, Net flow: 0.036091 ions/ms
16 010000
24 011000
25 011001
29 011101
28 011100
58 111010
62 111110
54 110110
50 110010
20 010100

Path 272, Net flow: 0.036003 ions/ms
16 010000
24 011000
25 011001
29 011101
28 011100
58 111010
50 110010
20 010100

Path 273, Net flow: 0.035439 ions/ms
16 010000
24 011000
28 011100
29 011101
59 111011
63 111111
62 111110
58 111010
50 110010
20 010100

Path 274, Net flow: 0.035363 ions/ms
46 101110
62 111110

Path 275, Net flow: 0.034612 ions/ms
17 010001
21 010101
20 010100
28 011100
24 011000
25 011001

Path 276, Net flow: 0.033801 ions/ms
0 000000
4 000100
12 001100
8 001000
9 001001
42 101010
34 100010
1 000001

Path 277, Net flow: 0.028188 ions/ms
0 000000
4 000100
5 000101
1 000001
34 100010
42 101010
50 110010
17 010001
16 010000
20 010100
12 001100
8 001000

Path 278, Net flow: 0.028078 ions/ms
42 101010
43 101011

Path 279, Net flow: 0.027894 ions/ms
16 010000
20 010100
28 011100
60 111100
56 111000
48 110000

Path 280, Net flow: 0.026724 ions/ms
17 010001
21 010101
20 010100
28 011100
29 011101
62 111110
58 111010
50 110010

Path 281, Net flow: 0.025151 ions/ms
8 001000
16 010000
17 010001
21 010101
13 001101
12 001100

Path 282, Net flow: 0.025110 ions/ms
5 000101
37 100101

Path 283, Net flow: 0.023361 ions/ms
54 110110
62 111110
63 111111
55 110111

Path 284, Net flow: 0.022787 ions/ms
8 001000
9 001001
17 010001
16 010000

Path 285, Net flow: 0.021203 ions/ms
16 010000
20 010100
28 011100
29 011101
62 111110
58 111010
25 011001
17 010001

Path 286, Net flow: 0.019151 ions/ms
17 010001
25 011001
29 011101
21 010101
54 110110
50 110010

Path 287, Net flow: 0.017296 ions/ms
0 000000
1 000001
5 000101
13 001101
12 001100
8 001000

Path 288, Net flow: 0.016456 ions/ms
17 010001
25 011001
29 011101
62 111110
54 110110
21 010101

Path 289, Net flow: 0.015997 ions/ms
16 010000
24 011000
28 011100
29 011101
62 111110
54 110110
21 010101
17 010001

Path 290, Net flow: 0.015053 ions/ms
4 000100
12 001100
13 001101
5 000101

Path 291, Net flow: 0.014995 ions/ms
13 001101
21 010101

Path 292, Net flow: 0.014820 ions/ms
0 000000
4 000100
5 000101
38 100110
34 100010
1 000001
9 001001
8 001000

Path 293, Net flow: 0.013936 ions/ms
17 010001
25 011001
29 011101
21 010101

Path 294, Net flow: 0.011256 ions/ms
20 010100
52 110100
48 110000
56 111000
24 011000
28 011100

Path 295, Net flow: 0.011075 ions/ms
8 001000
9 001001
17 010001
16 010000
20 010100
12 001100

Path 296, Net flow: 0.011004 ions/ms
0 000000
4 000100
5 000101
13 001101
12 001100
8 001000

