
  Paths with ion flow    Cl:  1   H:  0
	Path   0: Flow =      1.261  RLS = (16, 24)
      16 (0, 1, 0, 0, 0, 0)            ID  k_opt (1/ms)  k_pre (1/ms)           MRE  F_fwd (1/ms)  F_rev (1/ms)  F_net (1/ms)
      24 (0, 1, 1, 0, 0, 0)         203p0       3.3e+04       1.0e+04       6.9e-01        42.527        41.233         1.295
      28 (0, 1, 1, 1, 0, 0)       cl1_+00       1.6e+01       6.0e+02       3.7e+01      4383.027      4380.605         2.423
      58 (1, 1, 1, 0, 1, 0)       cl1_-+0       1.3e+02       4.1e+02       2.0e+00         2.207         0.001         2.206
      50 (1, 1, 0, 0, 1, 0)         203d1       7.4e+04       1.0e+03       9.9e-01         1.561         0.224         1.337
      17 (0, 1, 0, 0, 0, 1)       cl1_0-+       9.3e+04       2.2e+04       7.6e-01        53.628        24.505        29.123
      16 (0, 1, 0, 0, 0, 0)       cl1_00-       9.1e+05       7.2e+05       2.1e-01        28.605         0.000        28.604
	Path   1: Flow =      0.884  RLS = (58, 25)
      24 (0, 1, 1, 0, 0, 0)            ID  k_opt (1/ms)  k_pre (1/ms)           MRE  F_fwd (1/ms)  F_rev (1/ms)  F_net (1/ms)
      28 (0, 1, 1, 1, 0, 0)       cl1_+00       1.6e+01       6.0e+02       3.7e+01      4383.027      4380.605         2.423
      58 (1, 1, 1, 0, 1, 0)       cl1_-+0       1.3e+02       4.1e+02       2.0e+00         2.207         0.001         2.206
      25 (0, 1, 1, 0, 0, 1)       cl1_0-+       9.3e+04       2.2e+04       7.6e-01         1.959         0.970         0.989
      24 (0, 1, 1, 0, 0, 0)       cl1_00-       9.1e+05       7.2e+05       2.1e-01         1.132         0.005         1.128
	Path   2: Flow =      0.094  RLS = (20, 50)
      16 (0, 1, 0, 0, 0, 0)            ID  k_opt (1/ms)  k_pre (1/ms)           MRE  F_fwd (1/ms)  F_rev (1/ms)  F_net (1/ms)
      20 (0, 1, 0, 1, 0, 0)       cl1_+00       1.6e+01       6.0e+02       3.7e+01       193.386       192.029         1.357
      50 (1, 1, 0, 0, 1, 0)       cl1_-+0       1.3e+02       4.1e+02       2.0e+00         0.097         0.022         0.074
      17 (0, 1, 0, 0, 0, 1)       cl1_0-+       9.3e+04       2.2e+04       7.6e-01        53.628        24.505        29.123
      16 (0, 1, 0, 0, 0, 0)       cl1_00-       9.1e+05       7.2e+05       2.1e-01        28.605         0.000        28.604
	Path   3: Flow =      0.023  RLS = (20, 16)
      16 (0, 1, 0, 0, 0, 0)            ID  k_opt (1/ms)  k_pre (1/ms)           MRE  F_fwd (1/ms)  F_rev (1/ms)  F_net (1/ms)
      24 (0, 1, 1, 0, 0, 0)         203p0       3.3e+04       1.0e+04       6.9e-01        42.527        41.233         1.295
      28 (0, 1, 1, 1, 0, 0)       cl1_+00       1.6e+01       6.0e+02       3.7e+01      4383.027      4380.605         2.423
      58 (1, 1, 1, 0, 1, 0)       cl1_-+0       1.3e+02       4.1e+02       2.0e+00         2.207         0.001         2.206
      50 (1, 1, 0, 0, 1, 0)         203d1       7.4e+04       1.0e+03       9.9e-01         1.561         0.224         1.337
      17 (0, 1, 0, 0, 0, 1)       cl1_0-+       9.3e+04       2.2e+04       7.6e-01        53.628        24.505        29.123
      21 (0, 1, 0, 1, 0, 1)       cl1_+01       1.0e+02       4.2e+02       3.0e+00         0.966         0.498         0.468
      20 (0, 1, 0, 1, 0, 0)       cl1_10-       9.3e+05       7.8e+05       1.6e-01         1.167         0.025         1.142
      16 (0, 1, 0, 0, 0, 0)       cl1_-00       2.7e+05       2.6e+05       2.8e-02       192.029       193.386        -1.357
	Path   4: Flow =      0.022  RLS = (20, 28)
      16 (0, 1, 0, 0, 0, 0)            ID  k_opt (1/ms)  k_pre (1/ms)           MRE  F_fwd (1/ms)  F_rev (1/ms)  F_net (1/ms)
      20 (0, 1, 0, 1, 0, 0)       cl1_+00       1.6e+01       6.0e+02       3.7e+01       193.386       192.029         1.357
      28 (0, 1, 1, 1, 0, 0)         203p0       3.3e+04       1.0e+04       6.9e-01         0.741         0.723         0.018
      58 (1, 1, 1, 0, 1, 0)       cl1_-+0       1.3e+02       4.1e+02       2.0e+00         2.207         0.001         2.206
      50 (1, 1, 0, 0, 1, 0)         203d1       7.4e+04       1.0e+03       9.9e-01         1.561         0.224         1.337
      17 (0, 1, 0, 0, 0, 1)       cl1_0-+       9.3e+04       2.2e+04       7.6e-01        53.628        24.505        29.123
      16 (0, 1, 0, 0, 0, 0)       cl1_00-       9.1e+05       7.2e+05       2.1e-01        28.605         0.000        28.604
	Path   5: Flow =      0.019  RLS = (21, 51)
      17 (0, 1, 0, 0, 0, 1)            ID  k_opt (1/ms)  k_pre (1/ms)           MRE  F_fwd (1/ms)  F_rev (1/ms)  F_net (1/ms)
      21 (0, 1, 0, 1, 0, 1)       cl1_+01       1.0e+02       4.2e+02       3.0e+00         0.966         0.498         0.468
      51 (1, 1, 0, 0, 1, 1)       cl1_-+1       3.5e+04       9.5e+03       7.3e-01         0.044         0.000         0.044
      50 (1, 1, 0, 0, 1, 0)       cl1_01-       1.8e+06       1.9e+06       3.4e-02         1.569         0.000         1.568
      17 (0, 1, 0, 0, 0, 1)       cl1_0-+       9.3e+04       2.2e+04       7.6e-01        53.628        24.505        29.123
	Path   6: Flow =      0.017  RLS = (29, 28)
      25 (0, 1, 1, 0, 0, 1)            ID  k_opt (1/ms)  k_pre (1/ms)           MRE  F_fwd (1/ms)  F_rev (1/ms)  F_net (1/ms)
      29 (0, 1, 1, 1, 0, 1)       cl1_+01       1.0e+02       4.2e+02       3.0e+00         0.038         0.145        -0.107
      28 (0, 1, 1, 1, 0, 0)       cl1_10-       9.3e+05       7.8e+05       1.6e-01         0.339         0.572        -0.232
      58 (1, 1, 1, 0, 1, 0)       cl1_-+0       1.3e+02       4.1e+02       2.0e+00         2.207         0.001         2.206
      25 (0, 1, 1, 0, 0, 1)       cl1_0-+       9.3e+04       2.2e+04       7.6e-01         1.959         0.970         0.989
	Path   7: Flow =      0.016  RLS = (21, 51)
       8 (0, 0, 1, 0, 0, 0)            ID  k_opt (1/ms)  k_pre (1/ms)           MRE  F_fwd (1/ms)  F_rev (1/ms)  F_net (1/ms)
      12 (0, 0, 1, 1, 0, 0)       cl0_+00       3.5e+04       2.8e+02       9.9e-01        92.689        68.340        24.348
      13 (0, 0, 1, 1, 0, 1)       cl0_10+       1.8e+05       6.2e+01       1.0e+00        27.109         0.361        26.748
      46 (1, 0, 1, 1, 1, 0)       cl0_1+-       4.1e+05       3.6e+05       1.1e-01        26.801         0.000        26.801
      54 (1, 1, 0, 1, 1, 0)        h+-11_       2.2e+06       2.2e+06       1.4e-03        20.303         0.288        20.016
      21 (0, 1, 0, 1, 0, 1)       cl1_1-+       2.2e+04       1.2e+03       9.5e-01         1.130         0.415         0.715
      51 (1, 1, 0, 0, 1, 1)       cl1_-+1       3.5e+04       9.5e+03       7.3e-01         0.044         0.000         0.044
      50 (1, 1, 0, 0, 1, 0)       cl1_01-       1.8e+06       1.9e+06       3.4e-02         1.569         0.000         1.568
      17 (0, 1, 0, 0, 0, 1)       cl1_0-+       9.3e+04       2.2e+04       7.6e-01        53.628        24.505        29.123
      16 (0, 1, 0, 0, 0, 0)       cl1_00-       9.1e+05       7.2e+05       2.1e-01        28.605         0.000        28.604
       8 (0, 0, 1, 0, 0, 0)        h-+00_       6.3e+02       2.9e-04       1.0e+00        25.955         0.002        25.953

  Paths with ion flow    Cl: -1   H:  0
	Path   0: Flow =      0.012  RLS = (20, 16)
       8 (0, 0, 1, 0, 0, 0)            ID  k_opt (1/ms)  k_pre (1/ms)           MRE  F_fwd (1/ms)  F_rev (1/ms)  F_net (1/ms)
      12 (0, 0, 1, 1, 0, 0)       cl0_+00       3.5e+04       2.8e+02       9.9e-01        92.689        68.340        24.348
      13 (0, 0, 1, 1, 0, 1)       cl0_10+       1.8e+05       6.2e+01       1.0e+00        27.109         0.361        26.748
      46 (1, 0, 1, 1, 1, 0)       cl0_1+-       4.1e+05       3.6e+05       1.1e-01        26.801         0.000        26.801
      54 (1, 1, 0, 1, 1, 0)        h+-11_       2.2e+06       2.2e+06       1.4e-03        20.303         0.288        20.016
      50 (1, 1, 0, 0, 1, 0)       cl1_-10       3.9e+05       3.5e+05       1.1e-01        19.935         0.079        19.856
      20 (0, 1, 0, 1, 0, 0)       cl1_+-0       3.9e+01       7.3e+02       1.8e+01         0.022         0.097        -0.074
      16 (0, 1, 0, 0, 0, 0)       cl1_-00       2.7e+05       2.6e+05       2.8e-02       192.029       193.386        -1.357
       8 (0, 0, 1, 0, 0, 0)        h-+00_       6.3e+02       2.9e-04       1.0e+00        25.955         0.002        25.953

  Paths with ion flow    Cl:  0   H: -1
	Path   0: Flow =      0.289  RLS = (38, 34)
       8 (0, 0, 1, 0, 0, 0)            ID  k_opt (1/ms)  k_pre (1/ms)           MRE  F_fwd (1/ms)  F_rev (1/ms)  F_net (1/ms)
      12 (0, 0, 1, 1, 0, 0)       cl0_+00       3.5e+04       2.8e+02       9.9e-01        92.689        68.340        24.348
      13 (0, 0, 1, 1, 0, 1)       cl0_10+       1.8e+05       6.2e+01       1.0e+00        27.109         0.361        26.748
      46 (1, 0, 1, 1, 1, 0)       cl0_1+-       4.1e+05       3.6e+05       1.1e-01        26.801         0.000        26.801
      54 (1, 1, 0, 1, 1, 0)        h+-11_       2.2e+06       2.2e+06       1.4e-03        20.303         0.288        20.016
      38 (1, 0, 0, 1, 1, 0)        148d11       2.1e+04       2.3e-03       1.0e+00         1.057         0.000         1.057
      34 (1, 0, 0, 0, 1, 0)       cl0_-10       6.1e+05       5.6e+05       8.3e-02       530.147       675.625      -145.478
      42 (1, 0, 1, 0, 1, 0)         203p1       1.2e+04       1.0e+04       1.8e-01         1.820         0.811         1.009
      50 (1, 1, 0, 0, 1, 0)        h+-01_       5.9e+05       6.4e+05       9.3e-02         6.436         0.167         6.269
      17 (0, 1, 0, 0, 0, 1)       cl1_0-+       9.3e+04       2.2e+04       7.6e-01        53.628        24.505        29.123
      16 (0, 1, 0, 0, 0, 0)       cl1_00-       9.1e+05       7.2e+05       2.1e-01        28.605         0.000        28.604
       8 (0, 0, 1, 0, 0, 0)        h-+00_       6.3e+02       2.9e-04       1.0e+00        25.955         0.002        25.953
	Path   1: Flow =      0.127  RLS = (38, 46)
      38 (1, 0, 0, 1, 1, 0)            ID  k_opt (1/ms)  k_pre (1/ms)           MRE  F_fwd (1/ms)  F_rev (1/ms)  F_net (1/ms)
      46 (1, 0, 1, 1, 1, 0)         203p1       1.2e+04       1.0e+04       1.8e-01         0.336         0.682        -0.346
      54 (1, 1, 0, 1, 1, 0)        h+-11_       2.2e+06       2.2e+06       1.4e-03        20.303         0.288        20.016
      38 (1, 0, 0, 1, 1, 0)        148d11       2.1e+04       2.3e-03       1.0e+00         1.057         0.000         1.057
	Path   2: Flow =      0.091  RLS = (38, 34)
      34 (1, 0, 0, 0, 1, 0)            ID  k_opt (1/ms)  k_pre (1/ms)           MRE  F_fwd (1/ms)  F_rev (1/ms)  F_net (1/ms)
      42 (1, 0, 1, 0, 1, 0)         203p1       1.2e+04       1.0e+04       1.8e-01         1.820         0.811         1.009
      46 (1, 0, 1, 1, 1, 0)       cl0_+10       4.8e+02       1.1e+02       7.7e-01         1.578         5.645        -4.067
      54 (1, 1, 0, 1, 1, 0)        h+-11_       2.2e+06       2.2e+06       1.4e-03        20.303         0.288        20.016
      38 (1, 0, 0, 1, 1, 0)        148d11       2.1e+04       2.3e-03       1.0e+00         1.057         0.000         1.057
      34 (1, 0, 0, 0, 1, 0)       cl0_-10       6.1e+05       5.6e+05       8.3e-02       530.147       675.625      -145.478
	Path   3: Flow =      0.080  RLS = (34, 42)
       8 (0, 0, 1, 0, 0, 0)            ID  k_opt (1/ms)  k_pre (1/ms)           MRE  F_fwd (1/ms)  F_rev (1/ms)  F_net (1/ms)
      12 (0, 0, 1, 1, 0, 0)       cl0_+00       3.5e+04       2.8e+02       9.9e-01        92.689        68.340        24.348
      13 (0, 0, 1, 1, 0, 1)       cl0_10+       1.8e+05       6.2e+01       1.0e+00        27.109         0.361        26.748
      46 (1, 0, 1, 1, 1, 0)       cl0_1+-       4.1e+05       3.6e+05       1.1e-01        26.801         0.000        26.801
      54 (1, 1, 0, 1, 1, 0)        h+-11_       2.2e+06       2.2e+06       1.4e-03        20.303         0.288        20.016
      38 (1, 0, 0, 1, 1, 0)        148d11       2.1e+04       2.3e-03       1.0e+00         1.057         0.000         1.057
      39 (1, 0, 0, 1, 1, 1)       cl0_11+       3.1e+05       7.7e+01       1.0e+00       272.595       125.704       146.891
      35 (1, 0, 0, 0, 1, 1)       cl0_-11       7.5e+05       5.8e+05       2.3e-01       146.934         0.039       146.895
      34 (1, 0, 0, 0, 1, 0)       cl0_01-       7.0e+05       9.8e+05       4.0e-01      1009.541       863.036       146.505
      42 (1, 0, 1, 0, 1, 0)         203p1       1.2e+04       1.0e+04       1.8e-01         1.820         0.811         1.009
      50 (1, 1, 0, 0, 1, 0)        h+-01_       5.9e+05       6.4e+05       9.3e-02         6.436         0.167         6.269
      17 (0, 1, 0, 0, 0, 1)       cl1_0-+       9.3e+04       2.2e+04       7.6e-01        53.628        24.505        29.123
      16 (0, 1, 0, 0, 0, 0)       cl1_00-       9.1e+05       7.2e+05       2.1e-01        28.605         0.000        28.604
       8 (0, 0, 1, 0, 0, 0)        h-+00_       6.3e+02       2.9e-04       1.0e+00        25.955         0.002        25.953
	Path   4: Flow =      0.049  RLS = (34, 35)
       8 (0, 0, 1, 0, 0, 0)            ID  k_opt (1/ms)  k_pre (1/ms)           MRE  F_fwd (1/ms)  F_rev (1/ms)  F_net (1/ms)
      12 (0, 0, 1, 1, 0, 0)       cl0_+00       3.5e+04       2.8e+02       9.9e-01        92.689        68.340        24.348
      13 (0, 0, 1, 1, 0, 1)       cl0_10+       1.8e+05       6.2e+01       1.0e+00        27.109         0.361        26.748
      46 (1, 0, 1, 1, 1, 0)       cl0_1+-       4.1e+05       3.6e+05       1.1e-01        26.801         0.000        26.801
      54 (1, 1, 0, 1, 1, 0)        h+-11_       2.2e+06       2.2e+06       1.4e-03        20.303         0.288        20.016
      38 (1, 0, 0, 1, 1, 0)        148d11       2.1e+04       2.3e-03       1.0e+00         1.057         0.000         1.057
      34 (1, 0, 0, 0, 1, 0)       cl0_-10       6.1e+05       5.6e+05       8.3e-02       530.147       675.625      -145.478
      35 (1, 0, 0, 0, 1, 1)       cl0_01+       1.8e+05       8.3e+01       1.0e+00       863.036      1009.541      -146.505
      43 (1, 0, 1, 0, 1, 1)         203p1       1.2e+04       1.0e+04       1.8e-01         0.556         0.172         0.383
      51 (1, 1, 0, 0, 1, 1)        h+-01_       5.9e+05       6.4e+05       9.3e-02         1.369         0.000         1.369
      50 (1, 1, 0, 0, 1, 0)       cl1_01-       1.8e+06       1.9e+06       3.4e-02         1.569         0.000         1.568
      17 (0, 1, 0, 0, 0, 1)       cl1_0-+       9.3e+04       2.2e+04       7.6e-01        53.628        24.505        29.123
      16 (0, 1, 0, 0, 0, 0)       cl1_00-       9.1e+05       7.2e+05       2.1e-01        28.605         0.000        28.604
       8 (0, 0, 1, 0, 0, 0)        h-+00_       6.3e+02       2.9e-04       1.0e+00        25.955         0.002        25.953
	Path   5: Flow =      0.039  RLS = (34, 35)
       8 (0, 0, 1, 0, 0, 0)            ID  k_opt (1/ms)  k_pre (1/ms)           MRE  F_fwd (1/ms)  F_rev (1/ms)  F_net (1/ms)
      12 (0, 0, 1, 1, 0, 0)       cl0_+00       3.5e+04       2.8e+02       9.9e-01        92.689        68.340        24.348
      13 (0, 0, 1, 1, 0, 1)       cl0_10+       1.8e+05       6.2e+01       1.0e+00        27.109         0.361        26.748
      46 (1, 0, 1, 1, 1, 0)       cl0_1+-       4.1e+05       3.6e+05       1.1e-01        26.801         0.000        26.801
      54 (1, 1, 0, 1, 1, 0)        h+-11_       2.2e+06       2.2e+06       1.4e-03        20.303         0.288        20.016
      38 (1, 0, 0, 1, 1, 0)        148d11       2.1e+04       2.3e-03       1.0e+00         1.057         0.000         1.057
      34 (1, 0, 0, 0, 1, 0)       cl0_-10       6.1e+05       5.6e+05       8.3e-02       530.147       675.625      -145.478
      35 (1, 0, 0, 0, 1, 1)       cl0_01+       1.8e+05       8.3e+01       1.0e+00       863.036      1009.541      -146.505
      43 (1, 0, 1, 0, 1, 1)         203p1       1.2e+04       1.0e+04       1.8e-01         0.556         0.172         0.383
      42 (1, 0, 1, 0, 1, 0)       cl0_01-       7.0e+05       9.8e+05       4.0e-01         1.642         2.015        -0.373
      50 (1, 1, 0, 0, 1, 0)        h+-01_       5.9e+05       6.4e+05       9.3e-02         6.436         0.167         6.269
      17 (0, 1, 0, 0, 0, 1)       cl1_0-+       9.3e+04       2.2e+04       7.6e-01        53.628        24.505        29.123
      16 (0, 1, 0, 0, 0, 0)       cl1_00-       9.1e+05       7.2e+05       2.1e-01        28.605         0.000        28.604
       8 (0, 0, 1, 0, 0, 0)        h-+00_       6.3e+02       2.9e-04       1.0e+00        25.955         0.002        25.953
	Path   6: Flow =      0.035  RLS = (38, 34)
       8 (0, 0, 1, 0, 0, 0)            ID  k_opt (1/ms)  k_pre (1/ms)           MRE  F_fwd (1/ms)  F_rev (1/ms)  F_net (1/ms)
      12 (0, 0, 1, 1, 0, 0)       cl0_+00       3.5e+04       2.8e+02       9.9e-01        92.689        68.340        24.348
      13 (0, 0, 1, 1, 0, 1)       cl0_10+       1.8e+05       6.2e+01       1.0e+00        27.109         0.361        26.748
      46 (1, 0, 1, 1, 1, 0)       cl0_1+-       4.1e+05       3.6e+05       1.1e-01        26.801         0.000        26.801
      54 (1, 1, 0, 1, 1, 0)        h+-11_       2.2e+06       2.2e+06       1.4e-03        20.303         0.288        20.016
      38 (1, 0, 0, 1, 1, 0)        148d11       2.1e+04       2.3e-03       1.0e+00         1.057         0.000         1.057
      34 (1, 0, 0, 0, 1, 0)       cl0_-10       6.1e+05       5.6e+05       8.3e-02       530.147       675.625      -145.478
      42 (1, 0, 1, 0, 1, 0)         203p1       1.2e+04       1.0e+04       1.8e-01         1.820         0.811         1.009
      43 (1, 0, 1, 0, 1, 1)       cl0_01+       1.8e+05       8.3e+01       1.0e+00         2.015         1.642         0.373
      51 (1, 1, 0, 0, 1, 1)        h+-01_       5.9e+05       6.4e+05       9.3e-02         1.369         0.000         1.369
      50 (1, 1, 0, 0, 1, 0)       cl1_01-       1.8e+06       1.9e+06       3.4e-02         1.569         0.000         1.568
      17 (0, 1, 0, 0, 0, 1)       cl1_0-+       9.3e+04       2.2e+04       7.6e-01        53.628        24.505        29.123
      16 (0, 1, 0, 0, 0, 0)       cl1_00-       9.1e+05       7.2e+05       2.1e-01        28.605         0.000        28.604
       8 (0, 0, 1, 0, 0, 0)        h-+00_       6.3e+02       2.9e-04       1.0e+00        25.955         0.002        25.953
	Path   7: Flow =      0.027  RLS = (38, 34)
      12 (0, 0, 1, 1, 0, 0)            ID  k_opt (1/ms)  k_pre (1/ms)           MRE  F_fwd (1/ms)  F_rev (1/ms)  F_net (1/ms)
      13 (0, 0, 1, 1, 0, 1)       cl0_10+       1.8e+05       6.2e+01       1.0e+00        27.109         0.361        26.748
      46 (1, 0, 1, 1, 1, 0)       cl0_1+-       4.1e+05       3.6e+05       1.1e-01        26.801         0.000        26.801
      54 (1, 1, 0, 1, 1, 0)        h+-11_       2.2e+06       2.2e+06       1.4e-03        20.303         0.288        20.016
      38 (1, 0, 0, 1, 1, 0)        148d11       2.1e+04       2.3e-03       1.0e+00         1.057         0.000         1.057
      34 (1, 0, 0, 0, 1, 0)       cl0_-10       6.1e+05       5.6e+05       8.3e-02       530.147       675.625      -145.478
      42 (1, 0, 1, 0, 1, 0)         203p1       1.2e+04       1.0e+04       1.8e-01         1.820         0.811         1.009
      50 (1, 1, 0, 0, 1, 0)        h+-01_       5.9e+05       6.4e+05       9.3e-02         6.436         0.167         6.269
      17 (0, 1, 0, 0, 0, 1)       cl1_0-+       9.3e+04       2.2e+04       7.6e-01        53.628        24.505        29.123
      16 (0, 1, 0, 0, 0, 0)       cl1_00-       9.1e+05       7.2e+05       2.1e-01        28.605         0.000        28.604
      20 (0, 1, 0, 1, 0, 0)       cl1_+00       1.6e+01       6.0e+02       3.7e+01       193.386       192.029         1.357
      12 (0, 0, 1, 1, 0, 0)        h-+10_       3.4e+03       8.8e-05       1.0e+00         2.426         0.019         2.406
	Path   8: Flow =      0.025  RLS = (42, 46)
      34 (1, 0, 0, 0, 1, 0)            ID  k_opt (1/ms)  k_pre (1/ms)           MRE  F_fwd (1/ms)  F_rev (1/ms)  F_net (1/ms)
      42 (1, 0, 1, 0, 1, 0)         203p1       1.2e+04       1.0e+04       1.8e-01         1.820         0.811         1.009
      46 (1, 0, 1, 1, 1, 0)       cl0_+10       4.8e+02       1.1e+02       7.7e-01         1.578         5.645        -4.067
      54 (1, 1, 0, 1, 1, 0)        h+-11_       2.2e+06       2.2e+06       1.4e-03        20.303         0.288        20.016
      38 (1, 0, 0, 1, 1, 0)        148d11       2.1e+04       2.3e-03       1.0e+00         1.057         0.000         1.057
      39 (1, 0, 0, 1, 1, 1)       cl0_11+       3.1e+05       7.7e+01       1.0e+00       272.595       125.704       146.891
      35 (1, 0, 0, 0, 1, 1)       cl0_-11       7.5e+05       5.8e+05       2.3e-01       146.934         0.039       146.895
      34 (1, 0, 0, 0, 1, 0)       cl0_01-       7.0e+05       9.8e+05       4.0e-01      1009.541       863.036       146.505
	Path   9: Flow =      0.024  RLS = (35, 43)
       8 (0, 0, 1, 0, 0, 0)            ID  k_opt (1/ms)  k_pre (1/ms)           MRE  F_fwd (1/ms)  F_rev (1/ms)  F_net (1/ms)
      12 (0, 0, 1, 1, 0, 0)       cl0_+00       3.5e+04       2.8e+02       9.9e-01        92.689        68.340        24.348
      13 (0, 0, 1, 1, 0, 1)       cl0_10+       1.8e+05       6.2e+01       1.0e+00        27.109         0.361        26.748
      46 (1, 0, 1, 1, 1, 0)       cl0_1+-       4.1e+05       3.6e+05       1.1e-01        26.801         0.000        26.801
      54 (1, 1, 0, 1, 1, 0)        h+-11_       2.2e+06       2.2e+06       1.4e-03        20.303         0.288        20.016
      38 (1, 0, 0, 1, 1, 0)        148d11       2.1e+04       2.3e-03       1.0e+00         1.057         0.000         1.057
      39 (1, 0, 0, 1, 1, 1)       cl0_11+       3.1e+05       7.7e+01       1.0e+00       272.595       125.704       146.891
      35 (1, 0, 0, 0, 1, 1)       cl0_-11       7.5e+05       5.8e+05       2.3e-01       146.934         0.039       146.895
      43 (1, 0, 1, 0, 1, 1)         203p1       1.2e+04       1.0e+04       1.8e-01         0.556         0.172         0.383
      51 (1, 1, 0, 0, 1, 1)        h+-01_       5.9e+05       6.4e+05       9.3e-02         1.369         0.000         1.369
      50 (1, 1, 0, 0, 1, 0)       cl1_01-       1.8e+06       1.9e+06       3.4e-02         1.569         0.000         1.568
      17 (0, 1, 0, 0, 0, 1)       cl1_0-+       9.3e+04       2.2e+04       7.6e-01        53.628        24.505        29.123
      16 (0, 1, 0, 0, 0, 0)       cl1_00-       9.1e+05       7.2e+05       2.1e-01        28.605         0.000        28.604
       8 (0, 0, 1, 0, 0, 0)        h-+00_       6.3e+02       2.9e-04       1.0e+00        25.955         0.002        25.953
	Path  10: Flow =      0.021  RLS = (38, 34)
       8 (0, 0, 1, 0, 0, 0)            ID  k_opt (1/ms)  k_pre (1/ms)           MRE  F_fwd (1/ms)  F_rev (1/ms)  F_net (1/ms)
      12 (0, 0, 1, 1, 0, 0)       cl0_+00       3.5e+04       2.8e+02       9.9e-01        92.689        68.340        24.348
      13 (0, 0, 1, 1, 0, 1)       cl0_10+       1.8e+05       6.2e+01       1.0e+00        27.109         0.361        26.748
      46 (1, 0, 1, 1, 1, 0)       cl0_1+-       4.1e+05       3.6e+05       1.1e-01        26.801         0.000        26.801
      47 (1, 0, 1, 1, 1, 1)       cl0_11+       3.1e+05       7.7e+01       1.0e+00         2.902         0.524         2.378
      55 (1, 1, 0, 1, 1, 1)        h+-11_       2.2e+06       2.2e+06       1.4e-03         1.786         0.005         1.781
      54 (1, 1, 0, 1, 1, 0)       cl1_11-       1.7e+06       2.0e+06       1.5e-01         1.612         0.000         1.612
      38 (1, 0, 0, 1, 1, 0)        148d11       2.1e+04       2.3e-03       1.0e+00         1.057         0.000         1.057
      34 (1, 0, 0, 0, 1, 0)       cl0_-10       6.1e+05       5.6e+05       8.3e-02       530.147       675.625      -145.478
      42 (1, 0, 1, 0, 1, 0)         203p1       1.2e+04       1.0e+04       1.8e-01         1.820         0.811         1.009
      50 (1, 1, 0, 0, 1, 0)        h+-01_       5.9e+05       6.4e+05       9.3e-02         6.436         0.167         6.269
      17 (0, 1, 0, 0, 0, 1)       cl1_0-+       9.3e+04       2.2e+04       7.6e-01        53.628        24.505        29.123
      16 (0, 1, 0, 0, 0, 0)       cl1_00-       9.1e+05       7.2e+05       2.1e-01        28.605         0.000        28.604
       8 (0, 0, 1, 0, 0, 0)        h-+00_       6.3e+02       2.9e-04       1.0e+00        25.955         0.002        25.953
	Path  11: Flow =      0.019  RLS = (43, 42)
       8 (0, 0, 1, 0, 0, 0)            ID  k_opt (1/ms)  k_pre (1/ms)           MRE  F_fwd (1/ms)  F_rev (1/ms)  F_net (1/ms)
      12 (0, 0, 1, 1, 0, 0)       cl0_+00       3.5e+04       2.8e+02       9.9e-01        92.689        68.340        24.348
      13 (0, 0, 1, 1, 0, 1)       cl0_10+       1.8e+05       6.2e+01       1.0e+00        27.109         0.361        26.748
      46 (1, 0, 1, 1, 1, 0)       cl0_1+-       4.1e+05       3.6e+05       1.1e-01        26.801         0.000        26.801
      54 (1, 1, 0, 1, 1, 0)        h+-11_       2.2e+06       2.2e+06       1.4e-03        20.303         0.288        20.016
      38 (1, 0, 0, 1, 1, 0)        148d11       2.1e+04       2.3e-03       1.0e+00         1.057         0.000         1.057
      39 (1, 0, 0, 1, 1, 1)       cl0_11+       3.1e+05       7.7e+01       1.0e+00       272.595       125.704       146.891
      35 (1, 0, 0, 0, 1, 1)       cl0_-11       7.5e+05       5.8e+05       2.3e-01       146.934         0.039       146.895
      43 (1, 0, 1, 0, 1, 1)         203p1       1.2e+04       1.0e+04       1.8e-01         0.556         0.172         0.383
      42 (1, 0, 1, 0, 1, 0)       cl0_01-       7.0e+05       9.8e+05       4.0e-01         1.642         2.015        -0.373
      50 (1, 1, 0, 0, 1, 0)        h+-01_       5.9e+05       6.4e+05       9.3e-02         6.436         0.167         6.269
      17 (0, 1, 0, 0, 0, 1)       cl1_0-+       9.3e+04       2.2e+04       7.6e-01        53.628        24.505        29.123
      16 (0, 1, 0, 0, 0, 0)       cl1_00-       9.1e+05       7.2e+05       2.1e-01        28.605         0.000        28.604
       8 (0, 0, 1, 0, 0, 0)        h-+00_       6.3e+02       2.9e-04       1.0e+00        25.955         0.002        25.953
	Path  12: Flow =      0.018  RLS = (38, 34)
       8 (0, 0, 1, 0, 0, 0)            ID  k_opt (1/ms)  k_pre (1/ms)           MRE  F_fwd (1/ms)  F_rev (1/ms)  F_net (1/ms)
       9 (0, 0, 1, 0, 0, 1)       cl0_00+       1.9e+05       8.8e+01       1.0e+00         1.671         0.087         1.584
      13 (0, 0, 1, 1, 0, 1)       cl0_+01       5.9e+04       1.7e+02       1.0e+00        36.361        36.321         0.040
      46 (1, 0, 1, 1, 1, 0)       cl0_1+-       4.1e+05       3.6e+05       1.1e-01        26.801         0.000        26.801
      54 (1, 1, 0, 1, 1, 0)        h+-11_       2.2e+06       2.2e+06       1.4e-03        20.303         0.288        20.016
      38 (1, 0, 0, 1, 1, 0)        148d11       2.1e+04       2.3e-03       1.0e+00         1.057         0.000         1.057
      34 (1, 0, 0, 0, 1, 0)       cl0_-10       6.1e+05       5.6e+05       8.3e-02       530.147       675.625      -145.478
      42 (1, 0, 1, 0, 1, 0)         203p1       1.2e+04       1.0e+04       1.8e-01         1.820         0.811         1.009
      50 (1, 1, 0, 0, 1, 0)        h+-01_       5.9e+05       6.4e+05       9.3e-02         6.436         0.167         6.269
      17 (0, 1, 0, 0, 0, 1)       cl1_0-+       9.3e+04       2.2e+04       7.6e-01        53.628        24.505        29.123
      16 (0, 1, 0, 0, 0, 0)       cl1_00-       9.1e+05       7.2e+05       2.1e-01        28.605         0.000        28.604
       8 (0, 0, 1, 0, 0, 0)        h-+00_       6.3e+02       2.9e-04       1.0e+00        25.955         0.002        25.953
	Path  13: Flow =      0.017  RLS = (39, 47)
      38 (1, 0, 0, 1, 1, 0)            ID  k_opt (1/ms)  k_pre (1/ms)           MRE  F_fwd (1/ms)  F_rev (1/ms)  F_net (1/ms)
      39 (1, 0, 0, 1, 1, 1)       cl0_11+       3.1e+05       7.7e+01       1.0e+00       272.595       125.704       146.891
      47 (1, 0, 1, 1, 1, 1)         203p1       1.2e+04       1.0e+04       1.8e-01         0.075         0.060         0.015
      55 (1, 1, 0, 1, 1, 1)        h+-11_       2.2e+06       2.2e+06       1.4e-03         1.786         0.005         1.781
      54 (1, 1, 0, 1, 1, 0)       cl1_11-       1.7e+06       2.0e+06       1.5e-01         1.612         0.000         1.612
      38 (1, 0, 0, 1, 1, 0)        148d11       2.1e+04       2.3e-03       1.0e+00         1.057         0.000         1.057
	Path  14: Flow =      0.012  RLS = (34, 35)
      34 (1, 0, 0, 0, 1, 0)            ID  k_opt (1/ms)  k_pre (1/ms)           MRE  F_fwd (1/ms)  F_rev (1/ms)  F_net (1/ms)
      35 (1, 0, 0, 0, 1, 1)       cl0_01+       1.8e+05       8.3e+01       1.0e+00       863.036      1009.541      -146.505
      43 (1, 0, 1, 0, 1, 1)         203p1       1.2e+04       1.0e+04       1.8e-01         0.556         0.172         0.383
      42 (1, 0, 1, 0, 1, 0)       cl0_01-       7.0e+05       9.8e+05       4.0e-01         1.642         2.015        -0.373
      46 (1, 0, 1, 1, 1, 0)       cl0_+10       4.8e+02       1.1e+02       7.7e-01         1.578         5.645        -4.067
      54 (1, 1, 0, 1, 1, 0)        h+-11_       2.2e+06       2.2e+06       1.4e-03        20.303         0.288        20.016
      38 (1, 0, 0, 1, 1, 0)        148d11       2.1e+04       2.3e-03       1.0e+00         1.057         0.000         1.057
      34 (1, 0, 0, 0, 1, 0)       cl0_-10       6.1e+05       5.6e+05       8.3e-02       530.147       675.625      -145.478
